1770118648517 0.00025005000000000003 0
1770118678999 0.000511653977 1
1770118708412 0.000767976898 2
1770118739636 0.001019018763 3
1770118779717 0.001264779572 4
1770118834625 0.0015052593250000003 5
1770118884210 0.0015679802000000001 6
1770118926410 0.0015514769 7
1770118969093 0.0015349736000000002 8
1770119011187 0.0015184703000000002 9
1770119057213 0.001501967 10
1770119097017 0.0014854637 11
1770119143670 0.0014689604 12
1770119184588 0.0014524571 13
1770119228542 0.0014359538 14
1770119279552 0.0014194505000000002 15
1770119330235 0.0014029472000000002 16
1770119376697 0.0013864439 17
1770119428516 0.0013699406000000003 18
1770119484537 0.0013534373000000002 19
1770119545666 0.0013369340000000001 20
1770119611761 0.0013204307 21
1770119673920 0.0013039274 22
1770119737154 0.0012874241 23
1770119789988 0.0012709208 24
1770119841786 0.0012544175 25
1770119916088 0.0012379142000000002 26
1770119987651 0.0012214109000000001 27
1770120044839 0.0012049076 28
1770120116658 0.0011884043 29
1770120204512 0.001171901 30
1770120272455 0.0011553976999999999 31
1770120338162 0.0011388944 32
1770120417893 0.0011223911 33
1770120490485 0.0011058878 34
1770120584938 0.0010893845 35
1770120689830 0.0010728812000000002 36
1770120788399 0.0010563779000000001 37
1770120883665 0.0010398746 38
