0 0.713 0.1135 0.47 0.16533333333333333
0 0.715 0.2215 0.514 0.22133333333333333
0 0.718 0.36816666666666664 0.52 0.232
0 0.723 0.5321666666666667 0.534 0.23466666666666666
0 0.727 0.6908333333333333 0.542 0.22133333333333333
0 0.724 0.8535 0.544 0.21066666666666667
0 0.725 0.9601666666666666 0.542 0.072
0 0.269 0.25483333333333336 0.398 0.14933333333333335
0 0.285 0.3575 0.346 0.17866666666666667
0 0.329 0.4761666666666667 0.262 0.17066666666666666
0 0.325 0.6148333333333333 0.274 0.176
0 0.318 0.7615 0.284 0.18133333333333335