0 0.7098214285714286 0.031436011904761904 0.17857142857142858 0.05952380952380952
0 0.7901785714285714 0.1013764880952381 0.40625 0.19940476190476192
0 0.796875 0.19512648809523808 0.40625 0.24404761904761904
0 0.6696428571428571 0.44810267857142855 0.65625 0.4226190476190476
0 0.576136556532691 0.27020941491941486 0.0372162549812821 0.12179865266601413
0 0.5795198524400804 0.1585606499755686 0.043982846796060696 0.15112055053005452
0 0.5769823805095383 0.054806242148964 0.04229119884236595 0.10149887722167843
0 0.5355370056440197 0.0378897626120176 0.04736614270344993 0.07217697935763798
0 0.536382829620867 0.11908886438936032 0.052441086564533786 0.16690926476453782
0 0.536382829620867 0.24314304766030065 0.04229119884236595 0.15788714234483314
0 0.433192304445494 0.19803243556177688 0.05920767837931245 0.16690926476453782
0 0.43150065649179936 0.051422946241574716 0.06259097428670168 0.09473228540689986
0 0.1413830324331685 0.49463471010957044 0.277430264405921 0.24134177472710197
0 0.18282840729868718 0.24201528235783754 0.36370431004434767 0.4037399782817874
0 0.17775346343760326 0.10104461954995084 0.3535544223221798 0.1894645708137997
0 0.05426316281789453 0.03337870140216522 0.10319052517537305 0.06315485693793324