0 0.9126479274117181 0.4346042559225157 0.1734534516045519 0.22775915659423912
0 0.9361962436891573 0.6425582684650818 0.1263568190496735 0.22379812778390457
0 0.9361962436891573 0.853483052615399 0.12405942233967948 0.2218176133787372
0 0.9063300864592345 0.29497799035822125 0.14933078614961426 0.06733748977568811
0 0.7926089493145282 0.3177539060176452 0.1355464058896498 0.08912314823252838
0 0.7839937116520505 0.41677962627601 0.2033196088344747 0.21191504135290076
0 0.7851424100070477 0.63661672524958 0.17575084831454593 0.2317201854045738
0 0.7851424100070477 0.8515025382102318 0.1849404351545221 0.23370069980974115
0 0.6829082564123117 0.6237433816159925 0.21710398909443904 0.2495448150510794
0 0.6404064172774215 0.8376389373740606 0.12980291411466466 0.22577864218907193
0 0.6938208907847835 0.36627650894424396 0.10108545523973884 0.10694777787903403
0 0.6248989894849615 0.38311088138816596 0.11716723220969731 0.10100623466353212
0 0.6404064172774215 0.47718531563361255 0.0953419634647537 0.14259703717204536
0 0.5335774702626975 0.5177858609395422 0.15277688121460528 0.18814886849089318
0 0.517495693292739 0.6732562417451751 0.12750551740467056 0.17428526765472216
0 0.517495693292739 0.8396194517792278 0.12750551740467056 0.19012938289606052
0 0.4830347426428281 0.4058867970475899 0.12291072398468242 0.14655806598237997
0 0.4359381100879498 0.5395715193963824 0.0815575832047893 0.18022681087022402
0 0.4255998248929765 0.6910808713916806 0.0677732029448249 0.17428526765472216
0 0.4250254757154779 0.8326876513611423 0.06432710787983381 0.15646063800821655
0 0.3612727170131427 0.4831268588491145 0.11142374043471216 0.14655806598238003
0 0.3785031923380982 0.5573961490428881 0.06547580623483083 0.1762657820598894
0 0.37333404974061146 0.6910808713916806 0.055137521039857515 0.17032423884438755
0 0.37390839891811006 0.8247655937404731 0.05398882268486051 0.16042166681855105
0 0.3296835122507243 0.836648680171477 0.04365053748988726 0.12081137871520503
0 0.32566306800823464 0.36528625174166035 0.08844977333477147 0.1564606380082165
0 0.3273861155407302 0.6019577231591523 0.04365053748988726 0.1307139507410416
0 0.3302578614282228 0.7178178158614392 0.04250183913489019 0.13269446514620897
0 0.2912021173583237 0.7277203878872757 0.03790704571490204 0.13269446514620897
0 0.2912021173583237 0.833677908563726 0.03560964900490802 0.11090880668936876
0 0.28373557805084293 0.6405777540599146 0.04594793419988133 0.1089282922842013
0 0.26650510272588745 0.7336619311027776 0.018379173679952544 0.10496726347386678
0 0.265930753548389 0.8277363653482241 0.014933078614961402 0.11090880668936866
0 0.2501170892102185 0.8289520464717347 0.022499999999999916 0.0913793103448273
0 0.2681170892102185 0.609986529230356 0.0584999999999998 0.08103448275862049
0 0.24961708921021852 0.676796874057942 0.022499999999999916 0.08017241379310325
0 0.22336708921021858 0.752658943023459 0.054999999999999855 0.08017241379310325
0 0.22636708921021859 0.8319692878510451 0.025999999999999943 0.08706896551724108
0 0.2081968025312205 0.6918213357434376 0.03364745172470868 0.05403157393251063
0 0.20918643346430016 0.6559898709250359 0.03496695963548154 0.023318889802452003
0 0.21941261977279003 0.6338084879422158 0.025070650304684902 0.018768862523924765
0 0.1387576987267972 0.6869869317600025 0.02144200355005944 0.04663777960490381
0 0.13760312930487092 0.7316340744305507 0.023091388438525557 0.04720653301471973
0 0.23574153016860455 0.6321022277127681 0.007587170486944103 0.06313162848956501
0 0.23524671470206474 0.6886931919894501 0.007917047464637336 0.051187806883431046
0 0.1371390743791904 0.7742862920014724 0.022101757505445876 0.04436276596564024
0 0.1315311657584056 0.8240522153603635 0.01616397190696789 0.06313162848956491
0 0.10876965429757328 0.6684981577757149 0.031338312880856097 0.05346282052269462
0 0.10794496185334022 0.7199703413640538 0.031008435903162875 0.052894067112878695
0 0.10843977731988005 0.7708737715425769 0.03001880497008321 0.05232531370306288
0 0.10827483883103343 0.8229147085407317 0.030348681947776426 0.052894067112878695
0 0.12592325713762081 0.6949451913321543 0.005607908620784769 0.04151899891656075
0 0.1523134153530786 0.695798321446878 0.006927416531557668 0.0659753955386444
0 0.1523134153530786 0.7512517789039284 0.008246924442330567 0.05175656029324696
0 0.1435716754442082 0.8206396949014682 0.010556063286183104 0.061994121669933074
0 0.08831728168059351 0.690679540758535 0.010226186308489886 0.037537725047849434
0 0.08040023421595617 0.73020790274074 0.028039543103923877 0.04834403983435146
0 0.08073011119364941 0.7748550454112881 0.027379789148537427 0.04663777960490381
0 0.08056517270480279 0.8200709414916523 0.02704991217084421 0.04948154665398329
0 0.06737009359707391 0.71911721124933 0.010556063286183104 0.04436276596564014