0 0.9468450262583049 0.36696200166173976 0.03541819927907511 0.09572486291641909
0 0.9468450262583049 0.43716023446711383 0.039247193795731806 0.09253403415253834
0 0.9468450262583049 0.513740124800249 0.03733269653740346 0.10210652044418032
0 0.9458877776291409 0.5903200151333843 0.03733269653740346 0.08615237662477711
0 0.9468450262583049 0.6621136623206986 0.033503702020746574 0.07977071909701586
0 0.916213070125051 0.3510078578423366 0.033503702020746574 0.095724862916419
0 0.9157344458104687 0.4267900409845017 0.034460950649910845 0.09732027729835938
0 0.9157344458104687 0.5025722241266668 0.034460950649910845 0.10210652044418032
0 0.9157344458104688 0.5823429432236826 0.03637544790823919 0.09572486291641909
0 0.9142985728667224 0.6581251263658477 0.033503702020746574 0.08136613347895616
0 0.886059738306379 0.25767611649882805 0.034460950649910845 0.10051110606224
0 0.8846878380419358 0.33569432459387294 0.031194728518110917 0.09672784036623543
0 0.8854132968446826 0.4136811458891503 0.031194728518110917 0.09310054635250159
0 0.8846878380419358 0.4958998102004503 0.031194728518110917 0.10035513437996926
0 0.8850505674433092 0.5757002785025946 0.03192018732085766 0.09551874236165747
0 0.8843251086405625 0.6567098448093168 0.029018352109870686 0.0882641543341898
0 0.8513167331155845 0.2383619352253486 0.03990023415107203 0.1076097224074369
0 0.8505912743128378 0.31755785452520385 0.03990023415107212 0.09914603637539135
0 0.8527676507210781 0.4015901658433708 0.03990023415107222 0.09793693837081337
0 0.8527676507210781 0.4844133791569599 0.03844931654557854 0.10398242839370313
0 0.8542185683265717 0.5678411414728379 0.03990023415107212 0.10156423238454716
0 0.8524049213197047 0.6518734527910051 0.037723857742831796 0.09551874236165747
0 0.8135928753727527 0.2202254651566794 0.03990023415107212 0.10760972240743691
0 0.8154065223796196 0.3042577764748464 0.04062569295381886 0.10640062440285898
0 0.8161319811823663 0.38647644078614657 0.03917477534832538 0.09914603637539135
0 0.8164947105837398 0.47292694811346947 0.03699839894008505 0.10035513437996926
0 0.8164947105837398 0.5569592594316365 0.03554748133459157 0.10156423238454716
0 0.815769251780993 0.6422006687543815 0.03554748133459147 0.09793693837081337
0 0.776957205834041 0.19967079907885443 0.042076610559312444 0.11728250644406045
0 0.7765944764326677 0.2879349534130442 0.0413511517565657 0.11002791841659282
0 0.7773199352354144 0.3737809117380782 0.04280206936205919 0.10519152639828104
0 0.7791335822422812 0.46083596806769006 0.04062569295381886 0.10277333038912514
0 0.7802217704464015 0.547891024397302 0.04280206936205919 0.10760972240743692
0 0.7784081234395347 0.6367597277337808 0.043527528164805936 0.10398242839370313
0 0.6949803611236566 0.2063208381040331 0.12768074928343073 0.1547645445859767
0 0.7120286429882056 0.2800758163832876 0.09213326794883926 0.12332799646695018
0 0.7167441252060595 0.3598762846854318 0.0827023035131313 0.10640062440285898
0 0.7395960774925826 0.4499540860264885 0.03844931654557854 0.10519152639828104
0 0.739958806893956 0.5388227893629675 0.03917477534832528 0.09914603637539135
0 0.7410469950980761 0.6246687476880013 0.03990023415107212 0.10881882041201484
0 0.6986076551373903 0.4378631059807091 0.046429363375793 0.1148643104349046
0 0.6986076551373903 0.5291500053263438 0.04788028098128649 0.10640062440285894
0 0.6996958433415105 0.6192278066674006 0.0515075749950203 0.10760972240743692
0 0.6532664799657175 0.32481244255267144 0.048605739784033326 0.11365521243032661
0 0.6525410211629707 0.4239584789280628 0.047154822178539745 0.11365521243032661
0 0.6539919387684643 0.5164544762782755 0.05005665738952681 0.1197007024532163
0 0.6529037505643441 0.6119732186399329 0.047880280981286584 0.10760972240743692
0 0.6069544340187656 0.11570836995390874 0.05333333333333305 0.12361111111111037
0 0.6052877673520989 0.20945836995390815 0.05166666666666638 0.12499999999999926
0 0.6059283434526402 0.3102090098186664 0.05005665738952691 0.12816438848526196
0 0.6037519670443998 0.40451865417574595 0.05150757499502039 0.12090980045779429
0 0.6033892376430265 0.5060828865602932 0.05368395140326063 0.12574619247610608
0 0.6015755906361596 0.6064380209402623 0.0515075749950203 0.10881882041201484
0 0.521300464061226 0.0971875990238184 0.11916666666666591 0.1361111111111103
0 0.5425599069594804 0.1906521745335939 0.07762409189390401 0.12090980045779429
0 0.5548927066061754 0.2879845639021183 0.057311245416994436 0.11728250644406045
0 0.5534417890006819 0.38713060027750956 0.05150757499502039 0.12211889846237223
0 0.5534417890006819 0.4941357736826575 0.05440941020600737 0.13058258449441784
0 0.551628141993815 0.5957000060672047 0.05513486900875421 0.11607340843948251
0 0.4515148272147614 0.2619889568036925 0.15669910139330143 0.24907418894305625
0 0.4497011802078944 0.3490440131333044 0.1530718073795676 0.21763764082402975
0 0.4489757214051477 0.4367036184652052 0.15452272498506114 0.20433756277367232
0 0.4495268262607816 0.5232657220739573 0.15597364259055457 0.18741019070958115
0 0.4495268262607816 0.6157617194241699 0.15597364259055457 0.17169191665006792
0 0.3780691341902252 0.27177333712174534 0.08415322111862475 0.11244611442574867
0 0.36718725214902376 0.3328327863529314 0.06384037464171533 0.11607340843948255
0 0.35630537010782226 0.40054227460929626 0.04062569295381882 0.11607340843948251
0 0.35630537010782226 0.47187905687939485 0.042076610559312354 0.10881882041201484
0 0.3544917231009554 0.5359612511220259 0.042802069362059145 0.11123701642117073
0 0.35412899369958195 0.6030661903761017 0.042076610559312354 0.11002791841659282
0 0.3548544525023288 0.6677529336210215 0.04352752816480589 0.10881882041201492
0 0.3240224533855912 0.341901021387266 0.028292893307123847 0.105191526398281
0 0.3232969945828445 0.39751952959785136 0.028292893307123895 0.10519152639828096
0 0.3232969945828445 0.46039262583590435 0.028292893307123895 0.09551874236165747
0 0.3225715357800977 0.5178247810533566 0.02539105809613678 0.10156423238454716
0 0.3225715357800977 0.5764660342753869 0.023940140490643292 0.08584595832503392
0 0.32112061817460413 0.6338981894928392 0.026841975701630313 0.0894732523387678
0 0.32075788877323075 0.6943530897217361 0.026116516898883523 0.07254588027467648
0 0.2587311611383823 0.5262884670854022 0.03699839894008505 0.062873096238053
0 0.25945661994112906 0.5667932502387634 0.038449316545578587 0.03990023415107207
0 0.25836843173700896 0.6018570923715236 0.037723857742831796 0.05682760621516331
0 0.25764297293426214 0.6484073655477745 0.037723857742831796 0.0556185082105854
0 0.2551038671246485 0.6883075996988465 0.038449316545578587 0.048363920183117734
0 0.25111384370954126 0.7257896378407627 0.03482202253184473 0.03869113614649417
0 0.22209549159967062 0.7076531677720936 0.02611651689888357 0.053200312201429435
0 0.22209407709816142 0.7448821711826186 0.022916666666666502 0.045138888888888576
0 0.22209407709816142 0.7830766156270628 0.022916666666666502 0.045138888888888576
0 0.1952190770981616 0.7341182822937297 0.019166666666666523 0.04027777777777746