0 0.43411103040688853 0.4123331389162872 0.01913286470620693 0.02199179851288151
0 0.4139885347676019 0.435204609369684 0.04486326896627838 0.037825893442156255
0 0.4469762325369242 0.4426818208640637 0.03958523732318679 0.029908845977518847
0 0.45093475626924284 0.41277297488654485 0.019792618661593396 0.029908845977518923
0 0.4631402044438921 0.46115493161488424 0.04948154665398346 0.028149502096488352
0 0.4882108547485771 0.4092542871244838 0.01781335679543406 0.03870556538267147
0 0.47105725190852943 0.4123331389162872 0.015174340973888263 0.04134458120421732
0 0.4727066367969956 0.4418021489235484 0.014514587018501857 0.02639015821545786
0 0.48887060870396354 0.4418021489235484 0.01649384888466119 0.03694622150164097
0 0.5063540885217044 0.40573559936242276 0.017153602840047653 0.03870556538267147
0 0.5076735964324772 0.438723297131745 0.018473110750820466 0.037825893442156255
0 0.5446198179341183 0.40309658354087696 0.059377855984780126 0.03342753373957991
0 0.5469289567779708 0.4374037892209722 0.0600376099401667 0.03694622150164097
0 0.5093229813209433 0.4712711589308098 0.016493848884661134 0.029029174037003638
0 0.5475887107333571 0.4739101747523555 0.06003760994016659 0.03958523732318683
0 0.5954208724988745 0.4083746151839685 0.04090474523395972 0.038705565382671545
0 0.5957191737960692 0.44185260487680156 0.04319792214554627 0.03536671988524252
0 0.596855961220952 0.47671408590654063 0.04244006386229102 0.03536671988524252
0 0.6675262461344992 0.40800160155806947 0.08450119858295455 0.045471496995311854
0 0.6679051752761267 0.43957903002703597 0.08601691514946493 0.04294530271779452
0 0.669610356413451 0.47393527220127163 0.08488012772458217 0.04496625813980844
0 0.7361124207690946 0.37970822564987533 0.07995404888342329 0.04648197470631878
0 0.6881778843532033 0.378192509083365 0.018188598798124758 0.03233528675222177
0 0.6692314272718234 0.38097132278863405 0.017430740514869626 0.026777659341683677
0 0.6508533639028847 0.3814765616441375 0.014020378240221135 0.01869383765362818
0 0.6360751273794084 0.3827396587828962 0.014020378240221135 0.016167643376110923
0 0.6243283239889529 0.38476061420491003 0.00795751197417951 0.010104777110069336
0 0.6163708120147733 0.3870341890546756 0.00871537025743487 0.00858906054355892
0 0.7412279641810671 0.41355922896860753 0.07502797004226454 0.045471496995311854
0 0.7446383264557155 0.4469049934318362 0.07275439519249892 0.04244006386229102
0 0.7461540430222258 0.4807559967505684 0.07048082034273341 0.04142958615128411
0 0.805456453686945 0.43149520833898053 0.054944725536001784 0.03587195874074602
0 0.8062143119702002 0.4590307259639194 0.054944725536001895 0.0343562421742356
0 0.8081089576783382 0.4873241018721134 0.054944725536001895 0.033345764463228685
0 0.8534785128143765 0.43345251541800356 0.055419332252461456 0.03298769776932227
0 0.8582617289909281 0.46226177146987835 0.0511309315424495 0.03518687762061048
0 0.8590864214351611 0.4915108634920108 0.05212056247552926 0.034747041650352764
0 0.9385867730592279 0.4323529254923595 0.046182776877051086 0.028149502096488352
0 0.938916650036921 0.454344724005241 0.04684253083243755 0.028149502096488352
0 0.9400712194588474 0.47831578438428185 0.04717240781013084 0.028589338066745996
0 0.9438648047023195 0.49942791095664807 0.0409047452339596 0.0268299941857155
0 0.8985067202695013 0.4349919413139053 0.03001880497008324 0.022871470453396797
0 0.8996612896914276 0.4585231657226885 0.03166818985854945 0.025070650304684933
0 0.9019704285352801 0.4765564405032513 0.028369420081617136 0.019792618661593375
0 0.9844396729585858 0.41739850250360006 0.02968892799238995 0.020232454631850944
0 0.9789967028266476 0.4367512851949358 0.01616397190696796 0.026390158215457784
0 0.9794915182931875 0.45962275564833255 0.01583409492927467 0.028149502096488352
0 0.9799863337597273 0.4838137340125022 0.014844463996195031 0.020232454631850944
0 0.9921917819343765 0.4396102190016104 0.015504217951581495 0.02595032224520014
0 0.9933463513563029 0.4616020175144919 0.013854833063115394 0.02595032224520014
0 0.993676228333996 0.48205439013147167 0.011875571196956003 0.020232454631851016