0 0.7550798415264697 0.61610193011184 0.09500456957564814 0.08784259462652388
0 0.9167195605961488 0.5796565982987077 0.16493848884661133 0.11213948250194541
0 0.9332134094808099 0.509569421734992 0.13195079107728908 0.09158057737658876
0 0.9154000526853758 0.6581542360500695 0.16493848884661133 0.10840149975188054
0 0.9154000526853758 0.7319793953638503 0.15966045720351985 0.10653250837684823
0 0.9173793145515351 0.8123460244902444 0.16097996511429266 0.1027945256267832
0 0.9121012829084436 0.8889746708665738 0.15306291764965532 0.10653250837684815
0 0.41134803077013155 0.6460057921123588 0.08840703002178367 0.07289066362626449
0 0.38495787255467373 0.837577408053182 0.1016021091295126 0.06354570675110237
0 0.38759688837621953 0.8917781579291225 0.10951915659414999 0.08597360325149142
0 0.38495787255467373 0.9487823948676112 0.10688014077260413 0.07662864637632937
0 0.32030198492680206 0.8403808951157309 0.03298769776932227 0.03924881887568084
0 0.3321775561237581 0.6609577231126181 0.06729490344941741 0.046724784375810575