0 0.06395335760352891 0.6523791782795221 0.12399999999999992 0.256024096385542
0 0.12295335760352887 0.43249966020723307 0.24199999999999983 0.2439759036144577
0 0.2379533576035288 0.5213550818939799 0.23199999999999985 0.22891566265060223
0 0.2349533576035288 0.7050900216530159 0.23799999999999982 0.24096385542168666
0 0.4579533576035287 0.7321984553879557 0.23999999999999988 0.24096385542168666
0 0.4619533576035287 0.5454514674361487 0.23999999999999988 0.2168674698795179
0 0.41095335760352875 0.34665628671325716 0.3499999999999998 0.24096385542168658
0 0.5109533576035287 0.3090056843036187 0.34199999999999975 0.27409638554216853
0 0.8069533576035284 0.3496683349060283 0.3819999999999998 0.2650602409638552
0 0.7799533576035284 0.557499660207233 0.3279999999999998 0.2891566265060239
0 0.7759533576035283 0.7683430337012087 0.3279999999999998 0.27108433734939735
0 0.9649533576035283 0.43400568430361863 0.06999999999999988 0.22289156626506013
0 0.9669533576035283 0.6297888168337389 0.06599999999999989 0.22289156626506007
0 0.0939533576035289 0.08912616623132967 0.10799999999999994 0.17771084337349385
0 0.0939533576035289 0.24876472044819703 0.09999999999999995 0.14759036144578302
0 0.19395335760352883 0.08912616623132967 0.11199999999999992 0.17771084337349385
0 0.19495335760352883 0.2472586963518115 0.11399999999999992 0.16265060240963844
0 0.29795335760352876 0.0574996602072333 0.11199999999999995 0.11445783132530112
0 0.2999533576035287 0.17195749153253442 0.11599999999999994 0.12650602409638542
0 0.39595335760352873 0.05599363611084777 0.10399999999999994 0.11144578313253006
0 0.39695335760352873 0.14936713008675132 0.10999999999999995 0.08132530120481922
0 0.02453767304937835 0.08655019355622867 0.04618277687705123 0.17288733168259282
0 0.02321816513860546 0.24850786633934724 0.04618277687705123 0.16692569955560682
0 0.494282489284528 0.06071645433928952 0.09896309330796692 0.11724543183072388
0 0.49296298137375516 0.15908338443455786 0.10160210912951266 0.09538611403177538
0 0.5879675509494035 0.056742032921298875 0.10160210912951266 0.11327101041273323
0 0.587307796994017 0.16603862191604146 0.10028260121873984 0.1092965889947426
0 0.6856111363465975 0.08356937749273569 0.10951915659415011 0.16692569955560688
0 0.6869306442573704 0.19882759861446422 0.10951915659415011 0.07551400694182214
0 0.8360350381747073 0.06369727040278249 0.18868963124052357 0.12320706395770982
0 0.8353752842193207 0.1799490968790087 0.1794530758651133 0.14506638175665837
0 0.9297200998395825 0.20180841467795718 0.1385483306311537 0.12916869608469575
0 0.9600687817873591 0.06171005969378718 0.07785096673560064 0.11525822112172857