0 0.25634312870761256 0.4279476982601252 0.04024499127857322 0.022871470453396797
0 0.25634312870761256 0.44774031692171856 0.04024499127857322 0.01935278269133581
0 0.32017432389125117 0.42838753423038284 0.05311019340860889 0.021112126572366226
0 0.3201743238912512 0.44774031692171856 0.0537699473639953 0.016713766869789953
0 0.32528741704549613 0.4655536737171526 0.04420351501089181 0.01891294672107809
0 0.2855372412334628 0.4275078622898676 0.014844463996195031 0.02199179851288151
0 0.28537230274461617 0.44752039893658974 0.015174340973888263 0.018912946721078166
0 0.21279936765210716 0.4068355716877589 0.04552302292166476 0.014954422988759462
0 0.2167578913844258 0.4239891745278066 0.03958523732318676 0.01847311075082045
0 0.21989172267251145 0.44752039893658974 0.032657820791629065 0.020672290602108585
0 0.1910274871243544 0.4288273702006405 0.015174340973888263 0.02199179851288151
0 0.2535391743972202 0.4068355716877589 0.03529683661317486 0.014954422988759462
0 0.2967530584750324 0.4081550795985318 0.055089455274768225 0.01583409492927467
0 0.2881762570550086 0.3921010666841283 0.0451931459439715 0.010995899256440756
0 0.2576626366183854 0.3921010666841283 0.01715360284004757 0.010995899256440756
0 0.14863829549077529 0.4114538493754641 0.014184710040808568 0.01803327478056288
0 0.14946298793500834 0.4268481083344811 0.0145145870185018 0.012755243137471249
0 0.1492980494461617 0.43916351550169475 0.014184710040808596 0.01187557119695604
0 0.36097266894489966 0.40313252026207647 0.06605015541232934 0.019527872034949496
0 0.36886997013550427 0.4238090906520231 0.0508299022086187 0.020293670938280835
0 0.3703058430792506 0.4458258091227995 0.049106854676123135 0.021442369293277957
0 0.3704494303736252 0.46688527896441184 0.049394029264872415 0.019910771486615204
0 0.46378117171713407 0.406195715875402 0.05686056857235309 0.01876207313161823
0 0.4317612050715918 0.4065786153270676 0.011199808961221037 0.017996274228286892
0 0.41955628504974835 0.40562136669790344 0.013210031082465889 0.019144972583283865
0 0.40390526996291376 0.40562136669790344 0.016943300736206254 0.01991077148661528
0 0.4031873334910406 0.4282124343461784 0.015507427792459965 0.02450556490660339
0 0.4060590793785332 0.4509949517202862 0.017230475324955533 0.019527872034949573
0 0.4070641904391556 0.4687997762227402 0.015794602381209187 0.018379173679952523
0 0.46507345736650574 0.4259150376361843 0.05887079069359788 0.020676570389946542
0 0.46478628277775647 0.44716595720362934 0.06116818740359201 0.022591067648275006
0 0.4663657430158774 0.46784252759357603 0.05743491774985159 0.02182526874494359
0 0.42860228459534994 0.44927190418779067 0.017517649913704757 0.01914497258328394
0 0.4291766337728485 0.46611948006108045 0.017517649913704702 0.019144972583283865
0 0.42357672929223794 0.4272551857170142 0.022399617922442133 0.02029367093828091
0 0.5566436691385102 0.3896389231860597 0.05800926692735004 0.02182526874494359
0 0.5569308437272593 0.41146419193100336 0.0585836161048486 0.02105946984161225
0 0.5572180183160086 0.4302262650626215 0.05973231445984561 0.017996274228286816
0 0.557074431021634 0.447456740387577 0.05887079069359788 0.019527872034949496
0 0.5566436691385102 0.4673675118741923 0.0585836161048486 0.02029367093828091
0 0.5230442422548469 0.3927021187993852 0.01033828519497331 0.02029367093828091
0 0.5233314168435961 0.41242144056016755 0.01091263437247187 0.01837917367995245
0 0.5233314168435961 0.4306091645142872 0.01033828519497331 0.019527872034949573
0 0.5233314168435962 0.44898833819423967 0.011486983549970319 0.02029367093828091
0 0.522613480371723 0.46813331077752357 0.010625459783722476 0.017996274228286816
0 0.5147161791811184 0.3942337166060479 0.007466539307480673 0.017230475324955478
0 0.5144290045923692 0.41242144056016755 0.006892190129982111 0.01837917367995245
0 0.5142854172979945 0.4306091645142872 0.007179364718731393 0.020293670938280835
0 0.5145725918867438 0.44994558682340396 0.007753713896229954 0.020676570389946542
0 0.5072496398736378 0.3949995155093793 0.008615237662477739 0.017996274228286816
0 0.5066752906961393 0.41299578973766604 0.008615237662477739 0.019527872034949496
0 0.50638811610739 0.4306091645142872 0.008615237662477739 0.019527872034949573
0 0.5075368144623871 0.44898833819423967 0.010338285194973252 0.02029367093828091
0 0.49748570385616303 0.3955738646868778 0.010338285194973252 0.018379173679952523
0 0.49719852926741376 0.413187239463499 0.01033828519497331 0.018379173679952523
0 0.4806859904143314 0.3923192193477195 0.024409840043686928 0.008040888484979252
0 0.5966568439437966 0.40666438082165013 0.0235 0.021999999999999926
0 0.5967818439437966 0.4269977141549833 0.02275 0.02066666666666659
0 0.5967818439437966 0.4469977141549833 0.02175 0.020666666666666667
0 0.6062818439437965 0.46716438082164996 0.040749999999999884 0.01966666666666659
0 0.6274068439437965 0.3979977141549834 0.014 0.019999999999999924
0 0.6274068439437965 0.4163310474883168 0.0155 0.019333333333333258
0 0.6277818439437965 0.43183104748831663 0.01375 0.012999999999999925
0 0.6390318439437965 0.39133104748831676 0.00975 0.019333333333333334
0 0.6385318439437965 0.4098310474883168 0.01025 0.018999999999999923
0 0.6385318439437965 0.4294977141549833 0.01075 0.02033333333333326
0 0.6391568439437965 0.44916438082164994 0.0095 0.02033333333333333
0 0.6390318439437965 0.4664977141549833 0.00925 0.018333333333333257
0 0.6480318439437965 0.39099771415498347 0.009249999999999887 0.02066666666666659
0 0.6482818439437965 0.4094977141549834 0.010249999999999886 0.018999999999999923
0 0.6477818439437965 0.42833104748831663 0.009749999999999885 0.02066666666666659
0 0.6475318439437965 0.4479977141549833 0.009749999999999885 0.020666666666666667
0 0.6710318439437963 0.3676643808216502 0.057749999999999774 0.018
0 0.6810318439437962 0.38599771415498346 0.05624999999999988 0.02066666666666659
0 0.6815318439437963 0.4064977141549834 0.056749999999999884 0.020999999999999925
0 0.6820318439437962 0.4274977141549833 0.057249999999999884 0.020999999999999925
0 0.6809068439437963 0.44833104748831665 0.057999999999999885 0.02
0 0.6642818439437965 0.4678310474883166 0.041749999999999884 0.018999999999999923
0 0.6970318439437962 0.4674977141549833 0.027249999999999885 0.018999999999999923
0 0.7346568439437963 0.39083104748831676 0.05299999999999989 0.019
0 0.7356568439437963 0.4074977141549834 0.05449999999999989 0.02033333333333326
0 0.7367818439437963 0.42633104748831663 0.05424999999999989 0.021999999999999926
0 0.7364068439437963 0.4459977141549833 0.05299999999999989 0.022
0 0.7361568439437963 0.46666438082164996 0.05249999999999989 0.022666666666666592
0 0.8639063492678655 0.3949157833718813 0.04849999999999977 0.016666666666666666
0 0.8646563492678655 0.4112491167052146 0.050499999999999774 0.021333333333333256
0 0.8637813492678655 0.4270824500385479 0.051749999999999775 0.02166666666666659
0 0.8636563492678655 0.44641578337188115 0.051499999999999775 0.021
0 0.8645313492678655 0.46508245003854776 0.050249999999999774 0.02166666666666659
0 0.9207813492678654 0.4055824500385479 0.04774999999999989 0.017999999999999926
0 0.9210313492678653 0.4257491167052146 0.048749999999999884 0.02366666666666659
0 0.9205313492678654 0.44491578337188115 0.04774999999999989 0.021333333333333333
0 0.9201563492678654 0.4649157833718811 0.04799999999999988 0.019999999999999924