0 0.11124802724049994 0.4643059741224381 0.04926078841158777 0.022735748497655882
0 0.11060645665828506 0.48188453493729744 0.04674999999999977 0.017307692307692222
0 0.1636064566582848 0.4643845349372974 0.0487499999999998 0.02230769230769222
0 0.16423145665828479 0.4811153041680667 0.049999999999999774 0.017307692307692222
0 0.16398145665828479 0.49784607339883574 0.0489999999999998 0.019999999999999914
0 0.21716830150814365 0.4629294641408155 0.049499999999999746 0.021923076923076837
0 0.21766830150814365 0.48023715644850756 0.049999999999999746 0.021153846153846065
0 0.21641830150814367 0.4975448487561999 0.04899999999999977 0.01884615384615376
0 0.27004330150814343 0.46658331029466144 0.04674999999999977 0.016923076923076836
0 0.2697933015081434 0.4817756179869691 0.04824999999999977 0.017307692307692222
0 0.2696683015081434 0.4975448487561999 0.04849999999999977 0.021153846153846065
0 0.30979330150814327 0.4675448487561999 0.02624999999999983 0.014999999999999913
0 0.30941830150814326 0.48331407952543065 0.02649999999999983 0.01730769230769231
0 0.30954330150814324 0.49831407952543066 0.02574999999999983 0.013461538461538374
0 0.3355411442963049 0.4668955064444948 0.023499999999999886 0.016153846153846067
0 0.3354161442963049 0.4822801218291102 0.024749999999999887 0.014615384615384528
0 0.33466614429630487 0.4982416602906484 0.024749999999999887 0.01807692307692299
0 0.37691614429630466 0.4478570449060334 0.04874999999999977 0.017307692307692222
0 0.37691614429630466 0.4667031987521871 0.049749999999999774 0.019615384615384528
0 0.37691614429630466 0.483626275675264 0.050249999999999774 0.01653846153846145
0 0.37679114429630467 0.500357044906033 0.049999999999999774 0.01923076923076914
0 0.4295411442963044 0.46728012182911016 0.04849999999999972 0.02461538461538453
0 0.42929114429630444 0.4842031987521871 0.04899999999999972 0.02153846153846145
0 0.4294161442963044 0.5001647372137253 0.04924999999999972 0.019615384615384528
0 0.48304114429630407 0.4497801218291103 0.04899999999999972 0.023461538461538374
0 0.4832911442963041 0.4693955064444948 0.04999999999999972 0.021923076923076837
0 0.4834161442963041 0.48516473721372555 0.05074999999999972 0.019615384615384528
0 0.4829161442963041 0.5005493525983408 0.05024999999999972 0.01807692307692299
0 0.5358660018862356 0.46737274659783906 0.04939402926487225 0.024741195338397557
0 0.5358660018862356 0.48460322192279454 0.05054272761986931 0.022090352980712064
0 0.5360095891806101 0.5024964078371713 0.04968120385362153 0.02341577415955481
0 0.5877010151554765 0.4664891324786106 0.04968120385362158 0.021206738861483596
0 0.5872702532723526 0.48460322192279454 0.049394029264872186 0.020323124742255127
0 0.5868394913892286 0.5011709866583286 0.049681203853621465 0.020764931801869405
0 0.6416898378403368 0.4516885959815335 0.05082990220861848 0.018997703563412467
0 0.6418334251347114 0.46936087836610313 0.05169142597486632 0.026066616517240303
0 0.6416898378403368 0.48857948545932267 0.05140425138611704 0.020323124742255127
0 0.6415462505459623 0.5022755043073642 0.052840124329863326 0.022090352980712064
0 0.6925197400489554 0.46891907130648897 0.04853250549862446 0.022532160040326342
0 0.69266332734333 0.4848241254526017 0.048819680087373626 0.017230475324955443
0 0.6922325654602062 0.5011709866583285 0.0479581563211259 0.021648545921097873