0 0.8044041450777202 0.868125 0.3860103626943005 0.258
0 0.5712435233160622 0.849125 0.10103626943005181 0.268
0 0.7577720207253886 0.618125 0.4740932642487047 0.258
0 0.7577720207253886 0.381125 0.4792746113989637 0.26
0 0.7137305699481865 0.136125 0.572538860103627 0.246
0 0.3898963730569948 0.129125 0.09067357512953368 0.236
0 0.3069948186528497 0.122125 0.08031088082901554 0.234
0 0.3898963730569948 0.357125 0.09067357512953368 0.252
0 0.39378238341968913 0.578125 0.09326424870466321 0.246
0 0.3911917098445596 0.801125 0.08808290155440414 0.248
0 0.3950777202072539 0.949125 0.08549222797927461 0.1
0 0.47797927461139894 0.371125 0.09585492227979274 0.252
0 0.47150259067357514 0.601125 0.09326424870466321 0.26
0 0.4727979274611399 0.827125 0.11139896373056994 0.252
0 0.47668393782383417 0.963125 0.10362694300518134 0.072
0 0.31865284974093266 0.936125 0.09326424870466321 0.122
0 0.32124352331606215 0.781125 0.08808290155440414 0.24
0 0.3121761658031088 0.562125 0.08549222797927461 0.238
0 0.3069948186528497 0.340125 0.07512953367875648 0.234
0 0.23056994818652848 0.331125 0.09326424870466321 0.232
0 0.23575129533678757 0.546125 0.10880829015544041 0.238
0 0.23575129533678757 0.758125 0.08808290155440414 0.238
0 0.23704663212435234 0.923125 0.08031088082901554 0.148
0 0.1645077720207254 0.526125 0.07512953367875648 0.234
0 0.16321243523316062 0.738125 0.06735751295336788 0.23
0 0.16580310880829016 0.913125 0.08808290155440414 0.172
0 0.09326424870466321 0.516125 0.07772020725388601 0.23
0 0.09196891191709844 0.719125 0.08031088082901554 0.228
0 0.08937823834196891 0.905125 0.06994818652849741 0.188
0 0.03352642651133694 0.8977796927094708 0.0647668393782383 0.20699999999999988
0 0.03407914547613397 0.6975143839875156 0.0676593702043619 0.2106732363176618
0 0.030696176965915877 0.5068638106256647 0.06089343318392572 0.21937874195062312
0 0.13782351312282223 0.29967277656118735 0.26612685613715686 0.22286094420380756
0 0.13713603866085897 0.09848519273354422 0.2737731565738119 0.19692523471740114