0 0.96054977869146 0.755376033299998 0.07752108975790734 0.17524714439952466
0 0.8648854551604253 0.76465382329762 0.12040509685802647 0.1896792621736032
0 0.745305050746632 0.7790859410716985 0.12865202130035697 0.1814323377312726
0 0.63149749344247 0.7873328655140291 0.11545694219262806 0.18555579995243798
0 0.5251121681364055 0.7976415210669423 0.10721001775029748 0.17730887551010738
0 0.4129539957207098 0.8048575799539816 0.11380755730416191 0.1917409932841859
0 0.3065686704146453 0.8141353699516035 0.11215817241569581 0.18967926217360329
0 0.19853396022011477 0.8337218155021386 0.10721001775029748 0.17524714439952477
0 0.0970967895794487 0.8378452777233039 0.10885940263876359 0.1917409932841859
0 0.031946086485037155 0.8419687399444692 0.05772847109631403 0.1834940688418553
0 0.030296701596571038 0.6708450577661097 0.05772847109631403 0.17524714439952466
0 0.10616840646601233 0.6687833266555271 0.09731370841950078 0.17112368217835935
0 0.20265742244128007 0.6759993855425662 0.10556063286183134 0.16906195106777674
0 0.30739336285887836 0.6481660155497007 0.11380755730416198 0.16700021995719413
0 0.4121293032764767 0.6368264944414961 0.10885940263876356 0.17730887551010738
0 0.518514628582541 0.6378573599967874 0.10721001775029748 0.1834940688418553
0 0.6298481085540039 0.6151783177803783 0.12535325152342466 0.19998791772651642
0 0.746129743190865 0.5986844688957171 0.12370386663495864 0.20823484216884705
0 0.8665348400488913 0.58528321667693 0.13360017596575532 0.20617311105826436
0 0.9621991635799261 0.5739436955687255 0.07422231998097516 0.21648176661117757
0 0.8426187591661326 0.409005206722114 0.3166818985854941 0.19998791772651647
0 0.6265493387770716 0.42859165227264906 0.11875571196956031 0.20617311105826439
0 0.5168652436940749 0.4698262744843019 0.11380755730416191 0.1690619510677768
0 0.4137786881649428 0.4657028122631367 0.11545694219262799 0.17730887551010738
0 0.9589003938029939 0.21314075121676276 0.1039112479733653 0.15462983329369825
0 0.9572510089145276 0.33478288674113876 0.09401493864256849 0.11339521108204545
0 0.8632360702719591 0.3069495167482731 0.10721001775029748 0.0907161688656363
0 0.9514781618048963 0.07397390125243436 0.09566432353103466 0.14432117774078507
0 0.8599373004950269 0.1883999778897711 0.10721001775029748 0.1711236821783594
0 0.8541644533853955 0.06160351458893849 0.10556063286183132 0.12370386663495862
0 0.7552013600774284 0.06778870792068642 0.11215817241569581 0.1360742532984545
0 0.7609742071870599 0.19870863344268427 0.1039112479733653 0.18761753106302057
0 0.6562382667694616 0.07706649791830833 0.11215817241569588 0.150506371072533
0 0.659537036546394 0.21520248232734546 0.1055606328618314 0.18761753106302054
0 0.5556257885730287 0.08428255680534757 0.10885940263876365 0.1649384888466115
0 0.5572751734614948 0.2358197934331719 0.10885940263876356 0.18349406884185526
0 0.4624355423746931 0.25128277676254174 0.10391124797336523 0.17318541328894205
0 0.45996146504199403 0.09665294346884343 0.09566432353103466 0.17730887551010738
0 0.37171937350905687 0.11005419568763064 0.09731370841950081 0.18349406884185532
0 0.37419345084175604 0.2708692223130768 0.09236555375410248 0.17524714439952466
0 0.29007482152998415 0.44096203893614494 0.0989630933079669 0.1649384888466115
0 0.28677605175305193 0.2791161467554074 0.1055606328618314 0.17524714439952466
0 0.28430197442035277 0.133764103459331 0.08741739908870408 0.1608150266254462
0 0.19853396022011477 0.14304189345695292 0.0973137084195008 0.17937060662069
0 0.19853396022011477 0.2976717267506512 0.08741739908870409 0.1711236821783594
0 0.19688457533164866 0.45745588782080604 0.10391124797336523 0.1773088755101074
0 0.11276594601987679 0.4739497367054672 0.0874173990887041 0.15256810218311562
0 0.11276594601987679 0.3265359622988082 0.0973137084195008 0.17112368217835944
0 0.11029186868717762 0.17293699456040126 0.10226186308489915 0.17730887551010738