0 0.09996616684028936 0.21907769906332877 0.19848552843151596 0.08888504249870319
0 0.10954222303654672 0.2870486139152783 0.21763764082403064 0.09934210632208004
0 0.10954222303654672 0.3648230261016436 0.21763764082403064 0.10587777121169055
0 0.11041277359984283 0.4510938026445026 0.2193787419506229 0.10326350525584635
0 0.11041277359984283 0.5340967467425564 0.2193787419506229 0.10195637227792428
0 0.11041277359984283 0.6177532573295711 0.2193787419506229 0.10195637227792428
0 0.3376264706201308 0.30796274156203196 0.21415543857084615 0.09934210632208004
0 0.22314907154669072 0.30730917507307093 0.025245966335587552 0.07712084569740424
0 0.3367559200568347 0.3883514197042415 0.21763764082403061 0.09280644143246952
0 0.3358853694935386 0.4674329648685289 0.21763764082403064 0.09672784036623579
0 0.34459087512649983 0.5471680765217773 0.20370883181129273 0.09149930845454746
0 0.3450261504081479 0.6269031881750259 0.2028382812479966 0.08888504249870317
0 0.3702721167437354 0.25894525488995296 0.023504865208995283 0.02744979253636425
0 0.39334170667108265 0.25502385595618665 0.024375415772291433 0.048363920183117935
0 0.41597602131678185 0.25306315648930355 0.024375415772291433 0.06012811698441686
0 0.43991616180742527 0.25110245702242034 0.02524596633558764 0.07712084569740424
0 0.5487349822194405 0.2537167229782646 0.19239167448844308 0.09542070738831374
0 0.5487349822194405 0.33018400218670774 0.1941327756150353 0.09672784036623583
0 0.5474291563744964 0.406651281395151 0.20022662955810824 0.09280644143246956
0 0.5487349822194405 0.48050429464774996 0.19761497786821985 0.09149930845454746
0 0.5565699372891058 0.5550108743893101 0.18542726998207404 0.09149930845454737
0 0.5583110384156981 0.6321317200867143 0.1854272699820741 0.08627077654285906
0 0.7380457840800254 0.30364803017245373 0.18037027141473697 0.07624099846561298
0 0.7365300675135151 0.3696477004859694 0.18491742111426823 0.08762025196794328
0 0.7369089966551426 0.43280255742390256 0.18719099596403385 0.08648232661771017
0 0.7380457840800254 0.49880222773741817 0.18037027141473697 0.07737892381584595
0 0.7471400834790879 0.5653708607260504 0.16976025544916423 0.0898961026684093
0 0.7490347291872258 0.6393360084911973 0.17051811373241946 0.08306855056701112
0 0.9074271103875622 0.30137217947198763 0.16900239716590898 0.0853444012674772
0 0.9093217560957002 0.36737184978550336 0.16824453888265384 0.08762025196794328
0 0.9134899766536037 0.4367852961497181 0.16900239716590898 0.0898961026684093
0 0.9127321183703484 0.5050608171636999 0.17051811373241946 0.08762025196794328
0 0.9218264177694109 0.5727673755025651 0.14929808180127396 0.07965477451631199
0 0.9225842760526661 0.6450256352423626 0.1523295149342947 0.07851684916607897