0 0.1332075740564133 0.7951336684464217 0.264647371242021 0.40741766362258486
0 0.4117837543111722 0.532227398330993 0.4735795064330902 0.39000665235666243
0 0.4512487131805964 0.6871853985977026 0.4271501430572969 0.3238448095461572
0 0.6752703914687984 0.5174280387549589 0.048750831544582825 0.12361817998804923
0 0.7124138821694329 0.4712888589002645 0.03017908619426559 0.10446606759553458
0 0.5975012078143448 0.40164481383657474 0.2275038805413864 0.19152112392514675
0 0.6511477818050246 0.2888479268607364 0.15561356749506702 0.045471496995311785
0 0.6713573360251633 0.25815466638890094 0.10711063736673448 0.026525039913931892
0 0.6632735143371078 0.2376924927410106 0.0929639494126374 0.029556473046952674
0 0.6294225110183758 0.2388292801658934 0.10003729338968598 0.05153436326135335
0 0.5677833706469531 0.2376924927410106 0.04142958615128411 0.05683937124413976
0 0.5511104884153387 0.22556676020892746 0.08690108314659589 0.05683937124413973
0 0.49704993087646804 0.2183671065180031 0.07174391748149196 0.05001864669484297
0 0.4071174145968514 0.20548351570266477 0.08386965001357506 0.04092434729578062
0 0.40812789230785834 0.23162962647496904 0.08791156085760274 0.026525039913931892
0 0.34800446850294603 0.20358886999452677 0.05456579639437416 0.03865077244601502
0 0.3449730353699253 0.22973498076683102 0.04244006386229102 0.025767181630676674
0 0.389221966925712 0.15983467146522728 0.019732479434712027 0.008705505632961207
0 0.389221966925712 0.16766962653489237 0.019732479434712027 0.008705505632961207
0 0.4046016935439434 0.15831120797945908 0.0145091760549354 0.010011331477905372
0 0.4043115100228447 0.16679907597159627 0.015089543097132795 0.009576056196257326
0 0.4231734388942606 0.15678774449369087 0.02495578281448881 0.008705505632961207
0 0.42259307185206324 0.16549325012665206 0.02379504873009402 0.008705505632961207
0 0.44696848762435465 0.15678774449369087 0.027277250983278465 0.009576056196257326
0 0.44667830410325593 0.16375214900005983 0.02669688394108107 0.007834955069665086
0 0.48672363001487745 0.15591719393039474 0.03250055436305517 0.008705505632961207
0 0.47830830790301493 0.16418742428170788 0.033080921405252636 0.0069644045063689645
0 0.5154517986036494 0.15548191864874666 0.02495578281448881 0.007834955069665086
0 0.540697764939237 0.15330554224050638 0.027857618025475935 0.009576056196257326
0 0.5627517125427387 0.15308790459968236 0.017411011265922448 0.008270230351313131
0 0.5769707050765753 0.150693890550618 0.008705505632961224 0.004352752816480603
0 0.5929307987370042 0.15047625290979397 0.018571745350317165 0.008270230351313131
0 0.5926406152159055 0.15657010685286685 0.019152112392514558 0.007399679788017039
0 0.6117927276084201 0.15004097762814592 0.017991378308119844 0.00739967978801701
0 0.6112123605662226 0.15613483157121877 0.017991378308119844 0.00739967978801701
0 0.6283331883110465 0.1498233399873219 0.013928809012737929 0.006093853943072844
0 0.6274626377477502 0.15548191864874666 0.01683064422372498 0.0069644045063689645
0 0.643712914929278 0.1485175141423777 0.01683064422372498 0.0069644045063689645
0 0.643712914929278 0.15482900572627462 0.01683064422372498 0.00652912922472089
0 0.7777777016768805 0.1454705871708413 0.019152112392514634 0.008705505632961207
0 0.7777777016768805 0.1519997163955622 0.020312846476909573 0.005223303379776723
0 0.7548532035100827 0.1454705871708413 0.019732479434712027 0.0069644045063689645
0 0.7557237540733788 0.15156444111391415 0.021473580561304214 0.006093853943072844
0 0.7348305405542718 0.14568822481166532 0.021473580561304363 0.00739967978801701
0 0.7342501735120743 0.15156444111391415 0.021473580561304363 0.0069644045063689645
0 0.7145176940773623 0.14677641301578548 0.021473580561304214 0.0069644045063689645
0 0.7148078775984611 0.15243499167721025 0.020893213519106817 0.0069644045063689645
0 0.6947852146426503 0.1476469635790816 0.019152112392514634 0.006093853943072844
0 0.6776643868978266 0.14742932593825755 0.019732479434712027 0.005658578661424769
0 0.6794054880244188 0.15287026695885833 0.02205394760350176 0.004352752816480603
0 0.6602533756319041 0.1489527894240258 0.016250277181527585 0.008705505632961207