0 0.09284484905225068 0.465404484383194 0.017483479817740757 0.014342477291009636
0 0.09284484905225068 0.47872249901056013 0.018143233773127192 0.014342477291009636
0 0.11148289829191771 0.4669411783786592 0.021771880527752644 0.015366939954653212
0 0.11082314433653127 0.48000307734011455 0.021112126572366195 0.014854708622831423
0 0.14232639570623393 0.46489225305137216 0.04123462221165275 0.01741586528194028
0 0.1418315802396941 0.48128365566966896 0.04024499127857308 0.01741586528194028
0 0.18339607942904007 0.46463613738546133 0.04354376105550529 0.015879171286475
0 0.1838908948955799 0.4794908460082927 0.04387363803319849 0.015879171286475
0 0.19343650800884485 0.4508238486608456 0.024375415772291346 0.013517865889691312
0 0.22738797997739352 0.447782328835665 0.045268629291398244 0.015545545773144945
0 0.22651742941409742 0.46298992796156774 0.045268629291398244 0.020276798834537015
0 0.22673506705492144 0.4798872603236819 0.04396280344645405 0.017573225656598662
0 0.24305789011672368 0.43460240959321605 0.04875083154458272 0.0148696524786604
0 0.2724389716279677 0.44710643554118046 0.0430922528831579 0.015545545773144945
0 0.2726566092687917 0.46332787460881003 0.042656977601509855 0.01689733236211412
0 0.27222133398714365 0.4795493136764396 0.04352752816480597 0.018249118951083207
0 0.31705468799689385 0.43426446294597376 0.04352752816480597 0.018249118951083294
0 0.31748996327854195 0.4481202754829073 0.04700973041799051 0.0148696524786604
0 0.31683705035606985 0.4636658212560523 0.045703904573046315 0.020276798834536924
0 0.31618413743359775 0.4805631536181664 0.04265697760150988 0.016221439067629576
0 0.36428205605570835 0.43426446294597376 0.043092252883157926 0.018249118951083294
0 0.36384678077406035 0.4487961687773919 0.04135115175656569 0.01892501224556775
0 0.36188804200664404 0.4646796611977792 0.04265697760150988 0.01689733236211412
0 0.36232331728829203 0.4798872603236819 0.043527528164806026 0.016221439067629576
0 0.40693903365721823 0.4329126763570046 0.04396280344645402 0.01689733236211412
0 0.40606848309392213 0.44812027548290734 0.043092252883157926 0.016221439067629576
0 0.4060684830939221 0.46298992796156774 0.044833354009750165 0.01892501224556775
0 0.40606848309392213 0.4795493136764396 0.04396280344645402 0.018249118951083207
0 0.45332752146479843 0.43280372984035237 0.04357685128717372 0.020005575800214788
0 0.4521907340399157 0.44927890991111746 0.0450925678536841 0.017651978647248275
0 0.45275912775235705 0.4645772914053994 0.04244006386229091 0.020005575800214788
0 0.4518118048982881 0.47987567289968125 0.04433470957042891 0.018828777223731576
0 0.49709383732278595 0.4310385319756274 0.044713638712056476 0.020005575800214788
0 0.4978516956060412 0.44633691346990934 0.04622935527856697 0.018828777223731576
0 0.49879901846011016 0.4648714910495202 0.04660828442019454 0.019417176511973135
0 0.4976622310352274 0.4813466711202852 0.04736614270344967 0.017063579359006712
0 0.5518490982879739 0.4316269312638691 0.04888185926996005 0.01765197864724836
0 0.5459756965927461 0.4489847102669967 0.04698721356182205 0.017063579359006712
0 0.5457862320219323 0.46516569069364094 0.04660828442019442 0.017651978647248275
0 0.5444599800262356 0.4813466711202853 0.04547149699531167 0.02059397508845635
0 0.5892883505045677 0.4530963625287927 0.04365053748988703 0.01605323788039325
0 0.589575525093317 0.4678118305858199 0.04479923584488415 0.014269544782571806
0 0.5900062869764409 0.4827502602800747 0.0427890137236393 0.017391007703759377
0 0.6006317467601634 0.43570535482503336 0.04451206125613487 0.01605323788039325
0 0.6408361891850594 0.4372660862856272 0.03819422030365115 0.013823621508116403
0 0.637533681414443 0.4508667461565159 0.04652228337737972 0.01694508442930397
0 0.6373900941200683 0.465582214213543 0.04508641043363332 0.019620624076036222
0 0.637102919531319 0.4820813753683917 0.04451206125613487 0.018728777527125415
0 0.6849174885580703 0.4334757384527565 0.04824533090987518 0.018728777527125415
0 0.6849174885580703 0.4508667461565159 0.04881968008737374 0.018728777527125415
0 0.6852046631468196 0.46602813748799843 0.04824533090987529 0.019620624076036222
0 0.6847739012636958 0.4820813753683916 0.04738380714362745 0.01605323788039325
0 0.8294974004430362 0.4341210238742591 0.04624999999999977 0.016692546583850842
0 0.8296224004430363 0.45061947107922806 0.04649999999999977 0.01940993788819867
0 0.8294974004430362 0.4673120176630788 0.04674999999999977 0.015527950310558918
0 0.8296224004430363 0.4830340673525198 0.04599999999999977 0.017468944099378794
0 0.877122400443036 0.43489742138978704 0.05099999999999966 0.013586956521739042
0 0.876747400443036 0.4504253717003461 0.04874999999999966 0.017468944099378794
0 0.876997400443036 0.46517692449537695 0.049749999999999656 0.013586956521739042
0 0.876997400443036 0.48167537170034586 0.04924999999999966 0.01630434782608687
0 0.9249974004430357 0.4467374835015883 0.04724999999999977 0.014751552795030968
0 0.9248724004430358 0.4624595331910291 0.04849999999999966 0.021350931677018545
0 0.9253724004430357 0.48031667604817196 0.04949999999999966 0.016692546583850842
0 0.9261224004430356 0.49390363256991093 0.04849999999999977 0.013586956521739042