0 0.04965621120878796 0.9537370283331249 0.10268012098034827 0.07227754556825039
0 0.21060524213078938 0.9489252615971666 0.16501480826657758 0.09489001139927677
0 0.09951259562061311 0.8953864019544553 0.15072218707813384 0.11143047210190321
0 0.08846829742954296 0.9415255818091496 0.12083761550229695 0.0905372585827963
0 0.025450831280495627 0.8718815367454602 0.04937450956007832 0.09750166308916527
0 0.06508037184845322 0.8318362108338385 0.10784432351280265 0.08009065182324286
0 0.08716896823059353 0.8004963905551784 0.1494228578791844 0.12187707886145654
0 0.19891127934024447 0.8670935086473314 0.15202151627708324 0.1314531350577139
0 0.3080549320519966 0.9249851211065233 0.15202151627708327 0.11665377548167988
0 0.41524959096532443 0.9680773739896813 0.16631413746552692 0.06529129224720884
0 0.07807366383794753 0.6982066993678845 0.15462017467498212 0.11578322491838366
0 0.1820199997539019 0.7578394129536686 0.15721883307288095 0.11143047210190309
0 0.2859663356698563 0.8244365310458217 0.1728107834602741 0.1123010226651993
0 0.5049033056928351 0.9389139301192612 0.15591950387393153 0.11317157322849539
0 0.7088979899278957 0.9545838402585914 0.166314137465527 0.0922783597093885
0 0.5945570204203456 0.9049624581507125 0.1585181622718304 0.11839487660827205
0 0.4782670571143718 0.8688346097739237 0.12863359069599356 0.08096120238653907
0 0.37432072119841747 0.7822148287259599 0.16501480826657752 0.10620716872212642
0 0.26387773928771596 0.7208410140135836 0.1520215162770832 0.11055992153860689
0 0.16188039717018574 0.6599024745828553 0.1533208454760327 0.10533661815883022
0 0.07287634704214982 0.6081047160667363 0.14162688268548781 0.09576056196257297
0 0.9044470343697847 0.9737359526511059 0.13642956588969016 0.05049193267117482
0 0.801150363053305 0.9354317278660766 0.17930742945502126 0.10968937097531091
0 0.6835610705483817 0.8740579131537004 0.17021212506237535 0.12100652829816044
0 0.5750670824361043 0.8083313456248434 0.15332084547603275 0.10446606759553413
0 0.46592342972435224 0.7452164297858749 0.16371547906762812 0.10707771928542241
0 0.359378435410499 0.6834073397918505 0.1585181622718304 0.09837221365246125
0 0.2599797516908676 0.6268215531776029 0.16241614986867864 0.10533661815883022
0 0.9648658421209332 0.9532780144136471 0.06756511834537038 0.09314891027268458
0 0.9466752333356413 0.8509883232263532 0.1013476775180554 0.11317157322849539
0 0.7745141144748419 0.8287892838623022 0.175409441858173 0.11230102266519919
0 0.6634214679646655 0.7739445983746468 0.17151145426132475 0.10359551703223803
0 0.5497301630565904 0.7082180308457899 0.17281078346027412 0.10620716872212642
0 0.44838248553853494 0.6507616936682461 0.16501480826657758 0.10620716872212642
0 0.33935106630255646 0.5924585304072829 0.1624161498686786 0.11317157322849539
0 0.1444516864601421 0.563730361818511 0.16501480826657752 0.09924276421575735
0 0.06064495312790389 0.5032270976694309 0.1195382863033475 0.10011331477905355
0 0.242551040980824 0.527602513441722 0.15591950387393153 0.10881882041201464
0 0.12821007147327423 0.4727578279540667 0.15591950387393153 0.10881882041201464
0 0.056746965531055606 0.41443094021322685 0.11174231110965091 0.09837221365246125
0 0.5855739495034734 0.6359860585720887 0.2702604733814813 0.1654046070262624
0 0.3737832900747164 0.5232497606252416 0.2624644981877848 0.16801625871615067
0 0.6778263226288829 0.6037756877301323 0.257267181391987 0.16018130364648572
0 0.7713780249532418 0.5728711427331202 0.257267181391987 0.1645340564629662
0 0.8564840874844293 0.5676478393533435 0.25336919379513867 0.16453405646296626
0 0.8805216776649939 0.7478518059556398 0.23647791420879608 0.15234634857682067
0 0.9058585970445077 0.5297788898499625 0.18840273384766718 0.15844020251989338
0 0.948086796010364 0.4731931032357148 0.10394633591595435 0.10620716872212631
0 0.5483885698641028 0.45500822560575105 0.2507705353972398 0.16366350589967005
0 0.6328449677958157 0.4236684053270908 0.25336919379513867 0.1636635058996701
0 0.7186006949264779 0.38754055695030193 0.2533691937951386 0.15234634857682056
0 0.793961788465545 0.35184798385516114 0.2533691937951386 0.1540874497034128
0 0.8836155031930555 0.3548949108266976 0.21179065942875688 0.1566991013933012
0 0.9251940375594372 0.31223793322518784 0.15202151627708319 0.10446606759553408
0 0.9251940375594372 0.26914568034202996 0.1494228578791844 0.12448873055134478
0 0.16313746237559704 0.3931991356117267 0.24427388940249267 0.15147579801352445
0 0.25603950010048127 0.3710000962476757 0.24817187699934096 0.15234634857682056
0 0.33789723963429524 0.3366133489974791 0.2351785850098467 0.15495800026670895
0 0.4243026313644323 0.30309715231057854 0.24947120619829039 0.15756965195659725
0 0.17623742802162545 0.3195579801858147 0.0 0.0
0 0.5157896668275929 0.2690579801858151 0.24626865671641596 0.14299999999999885
0 0.597132950409682 0.2360579801858154 0.2477611940298488 0.14499999999999888
0 0.6799687713052036 0.2085579801858156 0.2522388059701473 0.1659999999999987
0 0.7523568310066956 0.17105798018581586 0.2358208955223862 0.14899999999999886
0 0.08593892055893959 0.26355798018581517 0.17164179104477478 0.13799999999999896
0 0.1359389205589392 0.22755798018581544 0.23880597014925187 0.15199999999999877
0 0.22623742802162505 0.19655798018581566 0.23134328358208778 0.14399999999999885
0 0.31877474145446016 0.1635579801858159 0.2402985074626847 0.13999999999999893
0 0.39638668175296704 0.13505798018581616 0.23731343283581907 0.14099999999999893
0 0.4702672787678918 0.09655798018581645 0.2268656716417893 0.14799999999999883
0 0.557580711603712 0.07055798018581666 0.2313432835820877 0.13999999999999893
0 0.8911628011559483 0.1380579801858161 0.1820895522388046 0.10899999999999915
0 0.9075807116037092 0.10655798018581637 0.18208955223880444 0.14799999999999885
0 0.9463866817529627 0.054557980185816785 0.10746268656716333 0.10799999999999917
0 0.6441478757828158 0.049557980185816815 0.2313432835820877 0.09799999999999923
0 0.7531030996634122 0.03805798018581691 0.16567164179104352 0.07099999999999945
0 0.3217598160813258 0.03605798018581692 0.18656716417910305 0.07099999999999945
0 0.2031030996634163 0.05105798018581681 0.22686567164178925 0.09699999999999925
0 0.12175981608132737 0.06605798018581668 0.2343283582089534 0.12699999999999903
0 0.07474489070819341 0.09855798018581644 0.14626865671641678 0.11799999999999909