0 0.9438744355093067 0.45944608291266337 0.10799999999999921 0.05599999999999954
0 0.9448744355093067 0.4967794162459964 0.10799999999999921 0.058666666666666215
0 0.9458744355093067 0.5354460829126628 0.10799999999999921 0.05333333333333288
0 0.9498744355093066 0.5714460829126625 0.09999999999999931 0.053333333333332955
0 0.9533744355093067 0.6121127495793289 0.09299999999999932 0.04933333333333295
0 0.9573744355093066 0.6494460829126619 0.08499999999999944 0.05199999999999962
0 0.8433744355093075 0.5461127495793294 0.12299999999999897 0.05599999999999954
0 0.8448744355093074 0.5934460829126623 0.1199999999999991 0.057333333333332875
0 0.8538744355093074 0.6387794162459953 0.1019999999999992 0.05466666666666629
0 0.8773744355093072 0.4587794162459967 0.020999999999999772 0.03866666666666636
0 0.8798744355093072 0.49744608291266307 0.021999999999999773 0.046666666666666363
0 0.8565908760569093 0.46520184187889635 0.020676570389946504 0.043650537489886954
0 0.8591754473556525 0.502151638964634 0.020102221212447945 0.04556503474821534
0 0.8395039880263284 0.5038746864971296 0.020963744978695673 0.0382899451665675
0 0.8181094811645089 0.5050233848521266 0.021250919567444952 0.026037162713265918
0 0.7978636726576864 0.5086609296429505 0.01981504662369866 0.02335686655160619
0 0.8359143056669628 0.4684564872180546 0.022399617922442074 0.03943864352156455
0 0.8156684971601403 0.4745828784447054 0.02038939580119711 0.04097024132822723
0 0.7962842124195654 0.47956057131635915 0.019527872034949382 0.03943864352156455
0 0.5470504414216503 0.3458512230256781 0.14646537809579002 0.05717867613349158
0 0.5460608104885705 0.40171039124839686 0.14448611622963062 0.07389244300328142
0 0.5477101953770366 0.4540508717090545 0.14382636227424422 0.07653145882482719
0 0.5483699493324231 0.5068311881399699 0.14382636227424428 0.06949408330070514
0 0.5483699493324231 0.5582919966601122 0.14778488600656284 0.06861441136018993
0 0.5569467507524468 0.6079934612992242 0.13195079107728827 0.06421605165761367
0 0.4665604588645043 0.4496525120064782 0.018473110750820355 0.04838195672833899
0 0.46359156606526536 0.4030298991591697 0.020452372616979686 0.05541933225246104
0 0.46392144304295857 0.3520089266092849 0.02243163448313902 0.05717867613349161
0 0.4431391934482857 0.3612454819846951 0.02309138843852543 0.05805834807400682
0 0.44379894740367204 0.40786809483200365 0.021771880527752557 0.06333637971709838
0 0.445118455314445 0.45273136379828155 0.02309138843852543 0.03870556538267124
0 0.42565571363054494 0.4540508717090545 0.01979261866159328 0.03606654956112546
0 0.42400632874207883 0.4153453063263833 0.019132864706206818 0.0606973638955526
0 0.4236764517643857 0.3643243337764985 0.018473110750820355 0.055419332252461116
0 0.40817223381280426 0.45712972350085784 0.019132864706206818 0.02463081433442714
0 0.40619297194664494 0.42194284588024766 0.020452372616979686 0.054539660311945834
0 0.4055332179912585 0.37400072512216626 0.019132864706206818 0.05541933225246104
0 0.3864003532850517 0.3792787567652578 0.021771880527752557 0.05541933225246104
0 0.38607047630735847 0.4206233379694748 0.02111212657236615 0.04134458120421702
0 0.36627785764576526 0.3876356402001528 0.01979261866159328 0.05453966031194576
0 0.3484645008503313 0.3937933437837595 0.017153602840047483 0.051020972549884844
0 0.34813462387263816 0.42590136961256636 0.01781335679543389 0.01671376686978988
0 0.3939875237719957 0.49275643709172573 0.15834094929274595 0.06773473941967464
0 0.39365764679430254 0.5433375736713528 0.15636168742658663 0.06861441136018986
0 0.3982759244820076 0.5956780541320106 0.14712513205117647 0.06421605165761358
0 0.3026116009509736 0.49319627306198327 0.023091388438525484 0.05102097254988477
0 0.2831488592670736 0.5015531564968783 0.02111212657236615 0.057178676133491535
0 0.26896414922626516 0.4958352888835291 0.029688927992389893 0.058058348074006894
0 0.2455428838100464 0.5015531564968783 0.019792618661593254 0.057178676133491535
0 0.2290490349253854 0.5147482356046071 0.019792618661593223 0.05541933225246104
0 0.3138274181925432 0.45273136379828155 0.16559824280199684 0.05278031643091534
0 0.3286718821887381 0.40215022721865445 0.02243163448313902 0.053659988371430545
0 0.31151827934869053 0.40566891498071544 0.017153602840047483 0.046622612847308495
0 0.29337504557556343 0.40698842289148834 0.017813356795433947 0.03518687762061017
0 0.2768811966909024 0.40874776677251884 0.013854833063115279 0.02463081433442714
0 0.2619810826664929 0.4117646498858162 0.016540460702626207 0.023795048730093867
0 0.21954174270580726 0.4628369495991883 0.0178462865475704 0.04700973041799027
0 0.2016954561582369 0.4471670394598582 0.01871683711086652 0.04817046450238505
0 0.20213073143988491 0.47647557509082755 0.01697573598427425 0.01973247943471195
0 0.1688321723938085 0.5034626425530071 0.1009838653423495 0.04817046450238513
0 0.17340256285111308 0.5455392531123193 0.0883608821745558 0.05919743830413586
0 0.11028764701214465 0.5008509908631187 0.013493533731089798 0.04759009746018773
0 0.09461773687281456 0.5063644777639941 0.015234634857682025 0.04817046450238513
0 0.08134184078254879 0.5115877811437708 0.013928809012737858 0.04700973041799034
0 0.06697775648816287 0.5185521856501398 0.014799359576033979 0.03772385774283172