0 0.12196916267671622 0.912959711032588 0.24122665454937497 0.14159302639720264
0 0.3695136581785748 0.8999969691793228 0.24007795619437794 0.14757583032947874
0 0.71871795809767 0.8950112992357595 0.4491410568038363 0.14558156235205338
0 0.12311786103171324 0.7524211388498442 0.2458214479693631 0.1754955820134342
0 0.37008800735607333 0.7444440669401426 0.25041624138935115 0.17150704605858338
0 0.716420561387676 0.7364669950304411 0.4514384535138304 0.1754955820134342
0 0.9243349636421373 0.5141061155475103 0.1481820877946161 0.20142106571996418
0 0.6509447551528457 0.5649599489718578 0.4054905193139494 0.18347265392313566
0 0.3247144223336909 0.5649599489718578 0.24467274961436608 0.19144972583283723
0 0.10129259228676979 0.5659570829605705 0.2021709104794762 0.18546692190056113
0 0.4143128940234588 0.43832393240534556 0.4100853127339375 0.08575352302929169
0 0.19491150821902722 0.43832393240534556 0.035609649004907734 0.07378791516473931
0 0.16447100181160607 0.4373267984166328 0.029866157229922606 0.07578218314216473
0 0.135179193759182 0.4343353964504948 0.0287174588749256 0.07378791516473937
0 0.10531303652925936 0.4343353964504948 0.03101485558491963 0.07378791516473937
0 0.07314948258934272 0.43533253043920744 0.0333122522949137 0.07578218314216473
0 0.040985928649426046 0.430346860495644 0.033312252294913684 0.08176498707444092
0 0.012268469774500447 0.4293497265069313 0.0241226654549375 0.08375925505186634
0 0.28508432908629355 0.34559047145506505 0.2067657038994643 0.09971339887126938
0 0.4947217788732504 0.35556181134219195 0.20102221212447915 0.10769047078097099
0 0.6630060878803145 0.3645360172406062 0.13554640588964878 0.12962741853265022
0 0.6704726271877951 0.44231246836019633 0.042501839134889904 0.053845235390485545
0 0.7112514187901894 0.44630100431504716 0.041353140779892786 0.05783377134533622
0 0.7531789087475808 0.44530387032633434 0.042501839134889904 0.05583950336791085
0 0.8123368740299275 0.4482952722924725 0.08040888484979167 0.06581084325503782
0 0.8628796016497965 0.3256477916808111 0.26649801835930953 0.18746118987798654