0 0.07000285554896145 0.820487999557696 0.13964843749999853 0.2982689747003964
0 0.22478801179895985 0.8304746839784682 0.1816406249999981 0.3102529960053231
0 0.495295824298957 0.7985172938319973 0.3554687499999964 0.38748335552596147
0 0.1530106680489606 0.5042429928999098 0.30371093749999684 0.3608521970705689
0 0.3165848867989589 0.5168927931662212 0.36523437499999617 0.3382157123834853
0 0.8581868262790817 0.61938104303065 0.22572927382112618 0.29668486721308407
0 0.7079473423915781 0.6208947413327576 0.2227688899021606 0.2976939994144891
0 0.5880517936734717 0.5341093720119233 0.1902046667935392 0.14834243360654206
0 0.6032237612581703 0.4190683010517479 0.19094476277328043 0.08173970831380888
0 0.9333793094045204 0.351574951855588 0.0942291619333494 0.14224893077859255
0 0.8430763625517272 0.3504277830589864 0.09198561045874587 0.1384250347899208
0 0.7530538596332594 0.3129536023700023 0.09030294685279328 0.06806534859835886
0 0.666396683926697 0.3118064335734008 0.08974205898414234 0.06883012779609322
0 0.58001995215446 0.30645297918926023 0.08525495603493527 0.0657710110051557
0 0.9454383985805146 0.22118009864187807 0.10712958291232 0.13383635960351456
0 0.8441981382890289 0.21850337144980778 0.08974205898414234 0.1346011388012489
0 0.7536147475019104 0.21467947546113594 0.0891811711154914 0.1330715804057802
0 0.666396683926697 0.2135323066645344 0.0874985075095388 0.13230680120804583
0 0.5805808400231107 0.21353230666453435 0.0874985075095388 0.12465900923070213
0 0.4958867718568265 0.3014819144039868 0.08637673177223704 0.0665357902028901
0 0.41315581123082024 0.29804040801418213 0.08469406816628433 0.06577101100515574
0 0.32986396273616314 0.29727562881644776 0.08076785308572815 0.07035968619156194
0 0.24825477784745867 0.2988051872119165 0.08020696521707721 0.0810665949598431
0 0.170291364104985 0.2861863304492994 0.07796341374247368 0.06500623180742134
0 0.09260839429683677 0.28198004486176037 0.07740252587382276 0.06271189421421826
0 0.027264957599008127 0.27892092807082297 0.04991902030992919 0.06271189421421826
0 0.025582293993055456 0.18294113875515963 0.04991902030992919 0.12771812602163962
0 0.09008439888790779 0.19020654113363614 0.07908518947977546 0.12542378842843652
0 0.17029136410498502 0.19326565792457362 0.08020696521707724 0.12542378842843652
0 0.25049832932206223 0.19632477471551107 0.08132874095437903 0.1254237884284365
0 0.33070529453913944 0.19785433311097983 0.08132874095437898 0.12848290521937397
0 0.41231447942784394 0.20129583950078447 0.08413318029763345 0.12618856762617087
0 0.49560632792250103 0.2055021250883235 0.08469406816628439 0.13154202201031145
0 0.08896262315060599 0.06516514230406681 0.07796341374247368 0.12159989243976467
0 0.1672064808274051 0.06707709029840274 0.07964607734842633 0.13001246361484273
0 0.24825477784745864 0.06860664869387148 0.08245051669168077 0.13154202201031145
0 0.32930307486751226 0.07319532388027769 0.07852430161112456 0.13001246361484273
0 0.411753591559193 0.07472488227574643 0.08413318029763345 0.1300124636148427
0 0.49504544005385015 0.07701921986894954 0.0824505166916808 0.1346011388012489
0 0.5797395082201344 0.0804607262587542 0.08469406816628433 0.13995459318538953
0 0.6661162399923715 0.08084311585762137 0.08581584390358621 0.1361306971967177
0 0.7538951914362357 0.0827550638519573 0.0908638347214441 0.13995459318538953
0 0.8464416897636325 0.08351984304969166 0.0908638347214441 0.1353659179989833
0 0.9451579546461891 0.08504940144516042 0.10656869504366906 0.13689547639445204