0 0.5512103494750582 0.8284210908489074 0.8230503936427424 0.33066929811842394
0 0.5525685184414655 0.5138384072335419 0.8067523660458565 0.33781890456422775
0 0.4846600701211071 0.2779013945220178 0.7388439177254982 0.34496851101003145
0 0.1261034629896153 0.5317124233480514 0.04617774485784363 0.28419685622069946
0 0.11727536470796875 0.8168029803744763 0.047535913824250806 0.30743307716956175
0 0.0785675491653645 0.810547074734398 0.03802873105940065 0.26989764332909205
0 0.05344142328683194 0.8141218779572998 0.020372534496107486 0.23772441432297517
0 0.08875381641341826 0.5513738410740117 0.03667056209299349 0.2627480368832882
0 0.06023226811886777 0.5746100620228739 0.031237886227364807 0.2484488239916806
0 0.09758191469506483 0.30828722191668373 0.035312393126586315 0.2591732336603863
0 0.06634402846770002 0.34850375817432994 0.032596055193771976 0.23951181593442594
0 0.9321767445522683 0.23411005504146976 0.09099732074928016 0.22521260304281848
0 0.8459330151854132 0.26717698485331215 0.07877380005161562 0.1912519724252506
0 0.9213113928210108 0.41731872021519106 0.11001168627898034 0.20912598853975997