0 0.6258758539742658 0.4647097956301289 0.05608151296088477 0.033401048958055866
0 0.39397121929817513 0.4900485224258953 0.04395578042880146 0.028794007722461927
0 0.3003757213161581 0.5176907698394588 0.04774507184507752 0.03109752834025894
0 0.20905379818390668 0.45607159331339026 0.019704315364635162 0.025338726795766535
0 0.34319471432007687 0.4601027543945349 0.03637719759624957 0.028794007722461927
0 0.7380388798960352 0.4353399077532177 0.03183004789671838 0.027642247413563463
0 0.19138379852141454 0.48474419546941594 0.018143233773127293 0.028575969192270147
0 0.20936209380569523 0.4862481938479564 0.02111212657236629 0.032586631535044826
0 0.19715664563104593 0.4504028991594071 0.035626713590868095 0.029077301985116915
0 0.23278335922191407 0.4564188926735692 0.027709666126230728 0.03007996757081063
0 0.2334431131773005 0.48700019303722675 0.027709666126230728 0.03007996757081063
0 0.262967102680844 0.4496508999701368 0.03265782079162912 0.0315839659493512
0 0.2634619181473838 0.4875015258300735 0.027049912170844324 0.026069305228035862
0 0.2623073487254575 0.5173308270044606 0.027379789148537528 0.0305813003636574
0 0.3013977705821045 0.4566695590699926 0.04552302292166479 0.032586631535044826
0 0.3013977705821045 0.4862481938479564 0.046842530832437716 0.029578634777963773
0 0.31970594284407833 0.42333092834567754 0.05311019340860889 0.029077301985116915
0 0.3345996071262749 0.4901408119994891 0.021749999999999943 0.028875379939209727
0 0.33434960712627493 0.5195861007532884 0.021249999999999943 0.03077507598784186
0 0.3587246071262749 0.5195861007532884 0.02799999999999994 0.029255319148936084
0 0.3585996071262749 0.48957090318489943 0.026249999999999944 0.02621580547112462
0 0.3678496071262749 0.46050555364082657 0.011749999999999943 0.027355623100303865
0 0.3732246071262749 0.4304903560724375 0.032499999999999946 0.025835866261398176
0 0.39572460712627483 0.45917576640678404 0.04399999999999994 0.029255319148936084
0 0.44434960712627475 0.4618353408748691 0.05374999999999989 0.03305471124620052
0 0.44472460712627476 0.4924204472578477 0.05549999999999989 0.030395136778115502
0 0.3949746071262748 0.5209158879873309 0.04449999999999994 0.029635258358662528
0 0.44434960712627475 0.5235754624554161 0.05524999999999989 0.028115501519756753
0 0.4120996071262748 0.4297304776529846 0.042749999999999885 0.02811550151975684
0 0.4579746071262747 0.4244113287168144 0.04349999999999994 0.025075987841945202
0 0.5759377702008059 0.4324206080040405 0.04738380714362768 0.03447840807171947
0 0.5753634210233075 0.4644986205770959 0.04738380714362756 0.03578771470735432
0 0.5760813574951806 0.4963584153775456 0.04652228337737983 0.03316910143608454
0 0.5757941829064314 0.5264724679971486 0.04652228337737983 0.03491484361693106
0 0.6256189740544278 0.5271271213149661 0.05542469562860686 0.03447840807171947
0 0.6257625613488024 0.49439445542409316 0.05456317186235901 0.030986923710026263
0 0.6253317994656784 0.4322023902314347 0.051978600563615716 0.025313261622275034
0 0.662664496003082 0.4278380347793183 0.02038939580119734 0.032296230345661196
0 0.6620901468255835 0.4594796118071621 0.019815046623698776 0.03273266589087287
0 0.6620901468255834 0.4930851487884583 0.01866634826870177 0.03447840807171947
0 0.6625209087087074 0.5279999924053894 0.018379173679952485 0.03709702134298925
0 0.6798949713280376 0.4287109058697417 0.01636895155870775 0.0340419725265078
0 0.6796077967392883 0.4594796118071621 0.01464590402621218 0.03273266589087287
0 0.6796588650362082 0.4917910857345885 0.01608177696995847 0.03273266589087287
0 0.679371690447459 0.5280152359871545 0.017230475324955592 0.03622415025256599
0 0.6966021657724145 0.42785327836108344 0.01665612614745703 0.03229623034566128
0 0.696027816594916 0.4616770331149854 0.0183791736799526 0.03622415025256599
0 0.697176514949913 0.49091821464416524 0.01780482450245404 0.026622568257909967
0 0.718858196400482 0.5188500895377101 0.05772209233860087 0.030986923710026263
0 0.7187146091061073 0.5461273111134375 0.05513752103985758 0.027059003803121554
0 0.7142634029804938 0.4311265449501707 0.015794602381209187 0.03273266589087295
0 0.71383264109737 0.4656049530218902 0.017230475324955478 0.03273266589087287
0 0.7144069902748684 0.4900453435537419 0.016656126147456915 0.023131083896216844
0 0.7312067037167 0.4885178191455012 0.01636895155870775 0.027931874893544813
0 0.7302015926560776 0.4621134686601971 0.01780482450245404 0.030114052619603003
0 0.7500166392797765 0.4666960418849193 0.018953522857451048 0.03142335925523802
0 0.7492987028079032 0.4922275212798001 0.02038939580119734 0.023131083896216844
0 0.7550421945828885 0.5201593961733451 0.0157946023812093 0.03796989243341251
0 0.7543242581110153 0.5470001822038608 0.01665612614745703 0.023567519441428517
0 0.7718419080247202 0.5461273111134375 0.018379173679952485 0.021821777260581997
0 0.840045872852669 0.486335641419443 0.05542469562860686 0.032296230345661196
0 0.7718419080247201 0.5179772184472868 0.017230475324955478 0.030114052619603003
0 0.7671035273103574 0.4904817790989536 0.014071554848713617 0.024003954986640104
0 0.7666727654272335 0.4632045575232262 0.013210031082465776 0.027059003803121554
0 0.7636574322453662 0.4326540693584115 0.01809199909120332 0.029677617074391417
0 0.7817494313365695 0.43309050490362316 0.014645904026212065 0.03229623034566128
0 0.7821801932196933 0.4645138641588611 0.017230475324955478 0.032296230345661196
0 0.7826109551028173 0.48982712578113613 0.01522025320371074 0.025313261622275034
0 0.7897903198215488 0.5208140494911625 0.016943300736206198 0.03229623034566128
0 0.7906518435877965 0.5459090933408317 0.018091999091203206 0.025749697167486707
0 0.8093181918564983 0.5465637466586492 0.017517649913704757 0.022694648351005257
0 0.8084566680902504 0.5188500895377101 0.01866634826870177 0.03011405261960309
0 0.8009901287827698 0.48939069023592446 0.019815046623698776 0.026186132712698294
0 0.8001286050165219 0.46036772647935054 0.01636895155870775 0.027495439348333227
0 0.7979747956009026 0.42676218949805433 0.01780482450245404 0.035351279162142646
0 0.8233897467052119 0.42479822954460206 0.0324507285286661 0.03229623034566128
0 0.8248256196489582 0.4557851532546283 0.03302507770616467 0.027931874893544813
0 0.8492354596926452 0.4256711006350253 0.017517649913704757 0.034914843616931146
0 0.849666221575769 0.4557851532546283 0.017230475324955478 0.02705900380312164
0 0.8258307307095806 0.5179772184472868 0.01608177696995847 0.03098692371002635
0 0.8261179052983298 0.5445997867051967 0.01780482450245404 0.02574969716748662
0 0.8511020945195152 0.5186318717651043 0.03273790311741538 0.03578771470735432
0 0.8512456818138899 0.5459090933408317 0.030727680996170646 0.023131083896216844
0 0.8757991091519515 0.5144857340855936 0.01780482450245404 0.033605536981296126
0 0.8762298710350753 0.5459090933408317 0.01866634826870177 0.027495439348333227
0 0.8934603463600308 0.5188500895377101 0.016368951558707635 0.03011405261960309
0 0.8941782828319039 0.5437269156147735 0.017230475324955592 0.021385341715370324