0 0.45174585296948694 0.2483538708177824 0.20980268575436548 0.07170719957785976
0 0.3873251112855739 0.31880304935041653 0.09663111252586952 0.05912698912560365
0 0.38645456072227774 0.3760430069081817 0.09663111252586959 0.060385010170829256
0 0.4917911788811085 0.3169160177825781 0.11752432604497648 0.06541709435173168
0 0.4904853530361643 0.38044608056647145 0.11143047210190354 0.04906282076379879
0 0.6619838140055003 0.24395079715949275 0.2054499329378848 0.0679331364421829
0 0.6606779881605562 0.30936789151122446 0.20283828124799652 0.06793313644218295
0 0.609315504926085 0.3766720174307946 0.09314891027268515 0.06415907330650608
0 0.7050760668886585 0.3760430069081817 0.10359551703223849 0.06541709435173168
0 0.6075744037994928 0.43705702760162385 0.08966670801950068 0.06667511539695734
0 0.7068171680152506 0.4433471328277519 0.10707771928542298 0.06667511539695734
0 0.8852800334909557 0.249611891863008 0.19413277561503514 0.05912698912560365
0 0.881362555956123 0.31628700725996534 0.20370883181129248 0.07422324166831103
0 0.880927280674475 0.381704101611697 0.206320483501181 0.06667511539695734
0 0.880492005392827 0.44208911178252625 0.2054499329378848 0.06667511539695734