0 0.9804084836832058 0.610533710943783 0.03733269653740354 0.04901112981320671
0 0.9789726107394595 0.571477966873884 0.03905574406989899 0.04441633639321852
0 0.9763880394407162 0.528593228287328 0.04307618831238869 0.052074325426532064
0 0.9755265156744684 0.4814965957324498 0.044799235844884266 0.051308526523200726
0 0.9738034681419728 0.4363144604358999 0.04594793419988116 0.055903319943188916
0 0.9861519754581909 0.38270853720270515 0.024697014632436093 0.05284012432986348
0 0.9307272798295841 0.406448303205977 0.07351669471981007 0.040587341876561746
0 0.9117737569721331 0.4550765335675181 0.07811148813979821 0.06279551007317112
0 0.9120609315608824 0.49834417160573957 0.07523974225230552 0.05896651555651427
0 0.9143583282708764 0.5423776085472924 0.07179364718731449 0.0551375210398575
0 0.9169428995696197 0.585645246585514 0.06892190129982191 0.05437172213652616
0 0.9186659471021152 0.6243180912037474 0.06892190129982191 0.04441633639321852
0 0.8569234105210248 0.42061558291760714 0.07179364718731449 0.05360592323319482
0 0.8356724909535798 0.4730728077958049 0.07064494883231737 0.05896651555651427
0 0.8365340147198276 0.5159575463823608 0.06662450458982778 0.05437172213652616
0 0.8382570622523231 0.5573106871622538 0.0666245045898279 0.05437172213652616
0 0.8373955384860753 0.6009612246521411 0.06145536199234118 0.04365053748988718
0 0.8382570622523231 0.6384853709153775 0.06202971116983963 0.045182135296549936
0 0.7377459561900828 0.4638832209558286 0.026420062164931663 0.031397755036585526
0 0.7397561783113277 0.5017902666707307 0.02929180805242436 0.039821542973230484
0 0.7429150987875695 0.5408460107406298 0.028717458874925796 0.035226749553242294
0 0.7446381463200651 0.5756898608422064 0.02527136380993477 0.03292935284324828
0 0.688926276102709 0.47230700889247357 0.07236799636481293 0.028334559423260165
0 0.6903621490464552 0.5075337584457158 0.06719885376732634 0.04671373310321261
0 0.6929467203451987 0.5481211003222777 0.06892190129982191 0.048245330909875365
0 0.6949569424664434 0.5852623471338483 0.06949625047732047 0.045947934199881274
0 0.696679989998939 0.6231693928487504 0.06605015541232934 0.04365053748988726
0 0.6915108474014523 0.6614593380153181 0.04996837844237086 0.0421189396832245
0 0.6435364537706915 0.4962501058526127 0.020022662955810802 0.02669688394108107
0 0.6394013385950348 0.5278801096523718 0.036127848376789076 0.030759453236462984
0 0.6415777150032751 0.5638628662686115 0.03525729781349287 0.03540238957404229
0 0.6437540914115154 0.5995554393637524 0.036127848376789076 0.03714349070063455
0 0.6380955127500906 0.6427927840074598 0.05092720795282309 0.026116516898883675
0 0.6383131503909146 0.6738424207650214 0.05484468548765562 0.034822022531844826
0 0.6010971138100054 0.5043752444433764 0.059632713585784355 0.03598275661623969
0 0.583033189621611 0.5447107538760968 0.05919743830413631 0.033080921405252636
0 0.5854272036706752 0.5780818588024481 0.06224436527567275 0.038304224785029345
0 0.5849919283890271 0.6160959000663787 0.05876216302248815 0.03540238957404229
0 0.5823802766991389 0.6474357203450392 0.05179775851611919 0.030759453236462984
0 0.584121377825731 0.6813871923135878 0.05005665738952689 0.03366128844745003
0 0.5447289648365815 0.5267193755679769 0.04352752816480609 0.02843798506767325
0 0.5279708664931313 0.5606708475365256 0.04396280344645413 0.03714349070063455
0 0.5288414170564274 0.5952026865472718 0.04657445513634258 0.03540238957404229
0 0.5312354311054917 0.629734525558018 0.04700973041799051 0.034822022531844896
0 0.5323236193096119 0.6628154469632707 0.04657445513634252 0.03366128844745003
0 0.533194169872908 0.694155267241931 0.04222170231986183 0.029018352109870724
0 0.44179700650639697 0.5788215718213933 0.03751398502113227 0.02778813705269052
0 0.44312325850209355 0.6119147168568702 0.03789291416275984 0.03536671988524252
0 0.4442600459269764 0.6434921453258368 0.04168220557903578 0.032840525607725185
0 0.4461546916351144 0.6733012378005412 0.04092434729578065 0.03688243645175294
0 0.447480943630811 0.7076574799747767 0.033724693604856214 0.03688243645175286
0 0.4992047714629781 0.5399181799476265 0.04244006386229097 0.025767181630676685
0 0.4838581412270604 0.5745270415496139 0.04054541815415302 0.03334576446322861
0 0.4840476057978742 0.6083780448683459 0.04244006386229102 0.038398153018263353
0 0.4865106452184536 0.6397028539095607 0.04054541815415302 0.03637719759624944
0 0.48688957436008123 0.6705224240952721 0.042061134720663404 0.0353667198852426
0 0.4897315429222882 0.6995736582867211 0.039408630729270214 0.03486148102973902
0 0.42532416441595117 0.5695915622417564 0.04816203874321048 0.02770966612623071
0 0.38227521882698556 0.5794878715725531 0.03925536034549344 0.024630814334427212
0 0.3695749551857965 0.6076373736690415 0.038925483367800266 0.02902917403700356
0 0.3687502627415635 0.6360067937506586 0.035296836613174835 0.03298769776932227
0 0.37006977065233637 0.6681148195794656 0.03529683661317477 0.032108025828807056
0 0.37122434007426264 0.6934053878692792 0.03562671359086807 0.02902917403700356
0 0.37122434007426264 0.72111505399551 0.03364745172470868 0.029029174037003638
0 0.4065211766874374 0.609396717550072 0.030348681947776526 0.02199179851288151
0 0.4042120378435849 0.6313885160629534 0.037605975457027395 0.03166818985854934
0 0.4042120378435849 0.6597579361445706 0.0382657294124138 0.032108025828807056
0 0.40503673028781795 0.6883472742113166 0.03793585243472057 0.03210802582880698
0 0.40751080762051717 0.7158370223524183 0.0409047452339596 0.032547861799064624
0 0.33840158079378707 0.7283723475047609 0.033317574747015556 0.02858933806674607
0 0.33625738043878106 0.703521615185205 0.03232794381393586 0.028149502096488352
0 0.3349378725280082 0.6786708828656488 0.03364745172470873 0.02770966612623071
0 0.33394824159492853 0.647442528977357 0.031008435903162934 0.03298769776932227
0 0.33345342612838874 0.6184133549403533 0.02935905101469683 0.029469010007261202
0 0.3050840060467715 0.7327707072073372 0.028699297059310368 0.029469010007261202
0 0.3037644981359987 0.7063805489918793 0.03265782079162904 0.030348681947776488
0 0.30277486720291896 0.6791107188359063 0.030678558925469702 0.0268299941857155
0 0.3019501747586859 0.6514010527096756 0.030348681947776526 0.030348681947776488
0 0.3014553592921461 0.6223718786726721 0.030678558925469702 0.029469010007261202
0 0.27539507805438157 0.7398080827314591 0.02737978914853744 0.02858933806674592
0 0.2745703856101485 0.7164967763078048 0.027049912170844265 0.02682999418571535
0 0.27325087769937556 0.6931854698841504 0.027709666126230673 0.025950322245200216
0 0.27160149281090945 0.6670152296538214 0.028369420081617136 0.029908845977518847
0 0.2714365543220629 0.6406250714383637 0.028699297059310368 0.029908845977518847
0 0.24537627308429827 0.7442064424340356 0.02935905101469683 0.029469010007261202
0 0.24653084250622456 0.7215548899657676 0.027049912170844265 0.024630814334427212
0 0.24488145761775842 0.7004427633934014 0.027709666126230673 0.022871470453396797
0 0.24389182668467876 0.6769115389846182 0.027049912170844265 0.02243163448313923
0 0.2429021957515991 0.6527205606204486 0.027049912170844237 0.02331130642365444
0 0.22030562277961338 0.7283723475047609 0.025400527282378134 0.01715360284004752
0 0.22343945406769897 0.7072602209323947 0.013854833063115336 0.021551962542623943
0 0.22442908500077863 0.6835090785384826 0.011215817241569568 0.022431634483139153
0 0.21073919042650988 0.7074801389175233 0.010885940263876336 0.02199179851288151
0 0.2137080832257489 0.7536629157945747 0.0102261863084899 0.02375114239391193
0 0.22591353140039813 0.7494844740771271 0.012865202130035669 0.0268299941857155