0 0.14324246410024627 0.2969404628831002 0.29139133029567993 0.29872192979997375
0 0.12125066558736478 0.6313990652665065 0.2474077332699169 0.36286467546254486
0 0.09742621719840984 0.9062965466775253 0.19242823698771316 0.18326498760734594
0 0.42272157020144874 0.23829566684874956 0.3518687762061041 0.2950566300478269
0 0.3888175474940897 0.5709216193560823 0.38302382409935287 0.3995176729840141
0 0.3750726734235388 0.8788067985364235 0.40318297273616094 0.22358328488096205
0 0.7507658980185978 0.9053802217394886 0.3811911742232793 0.18143233773127243
0 0.7416026486382306 0.6350643650186535 0.3591993757103979 0.3518687762061042
0 0.7388536738241203 0.3070200372015042 0.3207137283128553 0.29322398017175344
0 0.9468594347584578 0.2786139641223656 0.10995899256440743 0.29505663004782684
0 0.956939009076862 0.609407266753625 0.08613454417545244 0.40318297273616105
0 0.9670185833952659 0.904463896801452 0.054979496282203874 0.1869302873594928