0 0.1195806415541234 0.061831704465331046 0.029321129181605936 0.03560964900490801
0 0.13812194383072715 0.061831704465331046 0.025009198419605066 0.03560964900490801
0 0.1575256322597311 0.06097018069908327 0.0275963568768056 0.037332696537403565
0 0.17692932068873501 0.06068300611033401 0.028458743029205757 0.03675834735990505
0 0.1950394298891387 0.059821482344086234 0.023284426114804687 0.03963009324739763
0 0.21401192524194254 0.061544529876581794 0.02673397072440538 0.0384813948924006
0 0.2316908413661461 0.061544529876581794 0.024146812267204866 0.036183998182406536
0 0.24203947519494823 0.028232277581667842 0.02759635687680558 0.029291808052424338
0 0.31534229814896303 0.027083579226670807 0.025871584572005266 0.029291808052424328
0 0.3524249027021706 0.02938097593666487 0.020697267657604195 0.0246970146324362
0 0.3886451211029779 0.027370753815420066 0.02242203996240455 0.02642006216493175
0 0.4442690279327891 0.02622205546042303 0.025009198419605066 0.028717458874925817
0 0.49989293476260044 0.02622205546042303 0.022422039962404508 0.026420062164931757
0 0.24954836628698285 0.0580789538974574 0.026733970724405465 0.037332696537403606
0 0.26981444086838696 0.0595148268412037 0.029321129181605978 0.03905574406989916
0 0.28749335699259054 0.05922765225245444 0.025009198419605107 0.039630093247397684
0 0.3064658523453945 0.0595148268412037 0.026733970724405465 0.037907045714902124
0 0.3232823823171979 0.0595148268412037 0.024146812267204908 0.037907045714902124
0 0.34354845689860203 0.05922765225245444 0.025009198419605066 0.03848139489240064
0 0.3616585660990057 0.05980200142995296 0.025009198419605066 0.03848139489240064
0 0.37976867529940944 0.06037635060745147 0.026733970724405465 0.038481394892400635
0 0.3978787844998131 0.05922765225245444 0.02328442611480475 0.03848139489240064
0 0.4159888937002168 0.05836612848620666 0.019834881505204037 0.03905574406989916
0 0.4349613890530207 0.06037635060745147 0.021559653810004437 0.03618399818240658
0 0.45867700824402546 0.05836612848620666 0.02587158457200522 0.03675834735990509
0 0.4914476820352321 0.05922765225245443 0.025871584572005307 0.03618399818240658
0 0.5099889843118359 0.05894047766370518 0.02328442611480475 0.03675834735990509
0 0.519475231988238 0.030223018788779327 0.02328442611480475 0.020676570389946615
0 0.5285302865884397 0.05894047766370518 0.024146812267204908 0.0402044424248962
0 0.544915623484043 0.06066352519620073 0.02759635687680562 0.04020444242489619
0 0.5669064703702476 0.05836612848620666 0.019834881505204037 0.037907045714902124
0 0.5893285103326521 0.056930255542460374 0.02845874302920578 0.0373326965374036
0 0.6203744118190584 0.06066352519620073 0.019834881505204037 0.02297396709994068
0 0.5919156687898527 0.02534105078004193 0.021559653810004437 0.02239961792244216
0 0.6104569710664564 0.025053876191292675 0.017247723048003483 0.02182526874494365
0 0.6302918525716603 0.027638447490036005 0.020697267657604195 0.035035299827409536
0 0.6419340656290627 0.05836612848620666 0.026733970724405465 0.04250183913489025
0 0.6591817886770663 0.0595148268412037 0.019834881505204037 0.02412266545493771
0 0.6656496848200676 0.02792562207878526 0.02759635687680562 0.03675834735990509
0 0.6798790563346705 0.057217430131209626 0.02328442611480475 0.03790704571490212
0 0.6975579724588742 0.05549438259871407 0.018972495352803882 0.04020444242489619
0 0.7178240470402782 0.05549438259871408 0.02328442611480475 0.03790704571490213
0 0.7247231362594797 0.02447952701379416 0.02328442611480475 0.02642006216493178
0 0.7360985912531611 0.056183957698010246 0.0210516189793111 0.037892914162759916
0 0.7565812475573558 0.05466824113149985 0.02446539503001006 0.038650772446015114
0 0.7736501278108512 0.056562886839637845 0.0210516189793111 0.03789291416275991
0 0.7924258960896962 0.056562886839637845 0.024465395030010148 0.0401664890125255
0 0.7605639862831713 0.024353909801291925 0.01991369362907808 0.02349360678091114
0 0.7776328665366667 0.02226979952234013 0.022189544329544113 0.02841968562206993
0 0.8160378471070315 0.022080334951526333 0.025034357705126527 0.027282898197187138
0 0.8106327016934246 0.05732074512289304 0.023327469679777217 0.0409243472957807
0 0.8305463953225027 0.055805028556382655 0.021051618979311012 0.0416822055790359
0 0.8510290516266972 0.056183957698010246 0.01991369362907808 0.03865077244601511
0 0.870658263918217 0.05504717027312745 0.021620581654427564 0.0394086307292703
0 0.8897185135346203 0.05523663484394124 0.021051618979311012 0.03827184330438751
0 0.8538738650022798 0.02264872866396773 0.022189544329544113 0.029935402188580325
0 0.8737875586313578 0.02226979952234013 0.01877576827884498 0.023114677639283543
0 0.891709882897528 0.02170140580989873 0.022758507004660665 0.026525039913931934
0 0.910485651176373 0.02264872866396773 0.021620581654427564 0.022356819356028342
0 0.9286924567801014 0.020564618385015936 0.020482656304194633 0.025767181630676737
0 0.9073563564632323 0.053910382848244655 0.023327469679777044 0.04016648901252551
0 0.9272700500923102 0.054099847419058454 0.024465395030010148 0.03978755987089791
0 0.9463302997087134 0.05675235141045165 0.021620581654427564 0.041303276437408304
0 0.949175113084296 0.02264872866396773 0.020482656304194463 0.03145111875509072
0 0.9662439933377913 0.02321712237640913 0.019344730953961532 0.025009323347421543
0 0.9651060679875586 0.05542609941475504 0.020482656304194633 0.0409243472957807
0 0.9867266496419862 0.054099847419058454 0.020482656304194633 0.03978755987089791
0 0.9847352802790782 0.01942783096013314 0.021051618979311012 0.028040756480442332
0 0.9790402823800066 0.11761008940964862 0.025756160420491888 0.029688927992390063
0 0.9763160731047623 0.1548861878889828 0.027242092752443468 0.04156449918934609
0 0.9545223989028078 0.1575252037105286 0.0183264987607345 0.027709666126230728
0 0.958980195898662 0.11958935127580796 0.01832649876073467 0.023751142393912048
0 0.9399107309719517 0.11975428976465458 0.02080305264732041 0.02935905101469683
0 0.9349576231987802 0.1557108803332159 0.0227842957565889 0.040574868256266425
0 0.9153928474947527 0.1558758188220625 0.02129836342463749 0.04156449918934609
0 0.9181170567699969 0.1199192282535012 0.02080305264732041 0.031008435903162976
0 0.8975616595113353 0.12057898220888764 0.02129836342463749 0.02968892799239009
0 0.8955804164020665 0.15620569579975574 0.02427022808854031 0.04156449918934609
0 0.8745297083660877 0.1560407573109091 0.02278429575658907 0.04255413012242576
0 0.8784921945846248 0.12140367465312069 0.01882180953805175 0.028699297059310395
0 0.852736034164133 0.15620569579975574 0.023774917311223397 0.04156449918934609
0 0.8331712584601055 0.1575252037105286 0.02327960653390615 0.040904745233959657
0 0.8406009201198628 0.12189849011966052 0.025260849643174807 0.029688927992390063
0 0.8133588273674194 0.15670051126629556 0.019317120315368832 0.041894376167039324
0 0.8165783474199808 0.12107379767542747 0.020803052647320238 0.030018804970083295
0 0.7932987408860748 0.15802001917706843 0.02080305264732041 0.03991511430087999
0 0.7980041932705878 0.12024910523119442 0.022288984979271818 0.03232794381393586
0 0.7742292759593643 0.15785508068822185 0.021298363424637406 0.04090474523395963
0 0.779677694509853 0.12173355163081392 0.02129836342463749 0.02935905101469686
0 0.7554074664213126 0.1588447116213015 0.02427022808854039 0.040904745233959657
0 0.759865263417167 0.12140367465312069 0.02327960653390615 0.03331757474701553
0 0.7346044137739923 0.1586797731324549 0.026251471197809052 0.04255413012242576
0 0.7415387646564324 0.1215686131419673 0.02327960653390615 0.031008435903162962
0 0.7147919826813063 0.15785508068822185 0.026251471197809052 0.04156449918934609
0 0.7234599212843563 0.12222836709735375 0.02080305264732041 0.030348681947776526
0 0.6972084500865473 0.1575252037105286 0.02080305264732041 0.04156449918934609
0 0.7024092132483775 0.12239330558620037 0.02327960653390615 0.03001880497008331
0 0.678138985159837 0.15785508068822185 0.025260849643174724 0.04024499127857322
0 0.6818538159897156 0.12272318256389358 0.02476553886585756 0.02935905101469686
0 0.6568406217351994 0.15834989615476167 0.028232714307077626 0.04255413012242576
0 0.6637749726176396 0.12272318256389357 0.022288984979271818 0.028039543103923946
0 0.6439625415249535 0.12321799803043341 0.02327960653390615 0.027709666126230728
0 0.6370281906425134 0.1586797731324549 0.028232714307077713 0.04387363803319866
0 0.6169681041611688 0.15834989615476167 0.02476553886585756 0.041894376167039324
0 0.5974033284571412 0.15834989615476167 0.025260849643174724 0.040574868256266425
0 0.6060712670601914 0.12404269047466647 0.02872802508439479 0.02869929705931041
0 0.5850652474685943 0.12360635556087644 0.026172283055359714 0.030314331330207892
0 0.5770997700169631 0.1590362303030569 0.023896432354893596 0.04054541815415305
0 0.5574705577254434 0.15941515944468448 0.024465395030010148 0.04130327643740824
0 0.5386947894465984 0.15827837201980172 0.02560332038024308 0.04206113472066346
0 0.530444830657409 0.12417474927331784 0.026172283055359628 0.039029701587642664
0 0.5187810958175204 0.1645307028566571 0.021051618979311012 0.028040756480442297
0 0.49915188352600065 0.16396230914421567 0.023896432354893683 0.027661827338814702
0 0.4815140405973888 0.1590362303030569 0.026172283055359628 0.03902970158764268
0 0.4897639993865782 0.12379582013169023 0.0290170964309423 0.03145111875509068
0 0.46273827231854375 0.1588467657322431 0.026172283055359628 0.04168220557903584
0 0.4681434177321507 0.12474314298575923 0.025603320380243162 0.029556473046952688
0 0.4482297241030726 0.12436421384413163 0.02332746967977713 0.0287986147636975
0 0.4399797653138831 0.1597940885863121 0.028448133755825746 0.04054541815415305
0 0.422057441047713 0.15846783659061553 0.023327469679777044 0.04016648901252546
0 0.43002291849934415 0.12341689099006264 0.027879171080709194 0.02917754390532511
0 0.4086868181824749 0.12455367841494544 0.023896432354893596 0.029177543905325096
0 0.40242822875619316 0.1601730177279397 0.025034357705126613 0.04206113472066346
0 0.3805231657642074 0.1603624822987535 0.025603320380243162 0.03940863072927024
0 0.3896265685660716 0.12512207212738685 0.02332746967977713 0.030314331330207906
0 0.3623548797902507 0.15977230352235586 0.02674124573047618 0.04054541815415305
0 0.343863592848964 0.15977230352235586 0.025034357705126613 0.04054541815415305
0 0.32338093654476946 0.15863551609747303 0.027310208405592687 0.03978755987089784
0 0.3361825967348911 0.12472135792180297 0.02332746967977709 0.028798614763697487
0 0.316268903105813 0.12453189335098917 0.025603320380243162 0.02993540218858027
0 0.30346724291569144 0.15996176809316964 0.026172283055359714 0.04092434729578065
0 0.28383803062417173 0.16034069723479724 0.02674124573047622 0.04016648901252543
0 0.26620018769555975 0.16034069723479724 0.02332746967977709 0.03940863072927024
0 0.24657097540404005 0.16053016180561105 0.026172283055359673 0.03902970158764265
0 0.2258038377622872 0.15939337438072823 0.027879171080709194 0.03902970158764262
0 0.20702806948344227 0.15977230352235586 0.027879171080709194 0.03978755987089784
0 0.1876833385294808 0.15958283895154204 0.029017096430942232 0.03940863072927024
0 0.16520931286237847 0.16716142178409402 0.023896432354893596 0.026525039913931892
0 0.15155420865958213 0.16034069723479724 0.02958605910605874 0.04016648901252543
0 0.1316405150305041 0.15996176809316964 0.03186190980652479 0.04092434729578065
0 0.1131492280892174 0.15977230352235586 0.03129294713140829 0.04054541815415305
0 0.0912441650972316 0.15977230352235586 0.030723984456291768 0.04130327643740824
0 0.0713304714681536 0.16128802008886622 0.032999835156757834 0.04433470957042902
0 0.29407935877626895 0.12415296420936159 0.025603320380243162 0.029935402188580283
0 0.27644151584765697 0.12396349963854779 0.027879171080709194 0.028040756480442297
0 0.2545364528556712 0.12415296420936159 0.027310208405592687 0.02917754390532508
0 0.2351917219017097 0.12358457049692019 0.025034357705126613 0.028040756480442297
0 0.21982972967356387 0.12358457049692018 0.026172283055359673 0.0287986147636975
0 0.19991603604448582 0.12396349963854779 0.02958605910605874 0.028798614763697487
0 0.1802868237529661 0.12434242878017539 0.02787917108070922 0.029556473046952674
0 0.16122657413656286 0.12472135792180299 0.023896432354893596 0.028040756480442283
0 0.14188184318260139 0.12491082249261677 0.029586059106058764 0.02841968562206988
0 0.12339055624131465 0.12472135792180299 0.029017096430942232 0.026525039913931906
0 0.10489926930002795 0.1230161767844788 0.03186190980652479 0.029177543905325096
0 0.08384765032071691 0.1224477830720374 0.030723984456291768 0.030314331330207892
0 0.020573571240118695 0.26810916923350747 0.033783783783783695 0.04299999999999986
0 0.03859158925813667 0.2691091692335075 0.029279279279279206 0.04399999999999986
0 0.05548348115002851 0.2326091692335076 0.03303303303303294 0.028999999999999915
0 0.05961261027915763 0.2706091692335075 0.026276276276276208 0.028999999999999942
0 0.08138438205092935 0.2678591692335075 0.030780780780780694 0.041499999999999856
0 0.0937717694383167 0.2323591692335076 0.033033033033032934 0.03149999999999992
0 0.11404203970858692 0.2323591692335076 0.028528528528528444 0.030499999999999916
0 0.10315615382270106 0.2701091692335075 0.027777777777777693 0.047999999999999855
0 0.1215495472160944 0.26860916923350747 0.027027027027026942 0.04399999999999986
0 0.13281080847735566 0.2318591692335076 0.028528528528528465 0.030499999999999916
0 0.1538318294983766 0.2323591692335076 0.031531531531531445 0.03249999999999992
0 0.14219519286173998 0.26810916923350747 0.027777777777777714 0.04199999999999986
0 0.16321621388276097 0.26760916923350747 0.027777777777777714 0.040999999999999856
0 0.1759789766455237 0.2323591692335076 0.029279279279279195 0.029499999999999915
0 0.1962492469157939 0.2338591692335076 0.033783783783783695 0.03249999999999992
0 0.18386185952840656 0.2701091692335075 0.030030030030029967 0.040999999999999856
0 0.20638438205092902 0.26860916923350747 0.027027027027026942 0.04399999999999986
0 0.23341140907795596 0.2326091692335076 0.028528528528528486 0.029999999999999916
0 0.2270300276965746 0.26760916923350747 0.030780780780780694 0.04199999999999986
0 0.26269068835723514 0.2751091692335075 0.028528528528528486 0.028999999999999887
0 0.2529309285974754 0.2346091692335076 0.02552552552552544 0.024999999999999942
0 0.2750780757446225 0.2356091692335076 0.02627627627627619 0.03699999999999989
0 0.2930960937626405 0.2376091692335076 0.02627627627627619 0.03999999999999988
0 0.3032312288977756 0.26860916923350747 0.030030030030029943 0.04399999999999986
0 0.31449249015903685 0.2323591692335076 0.027027027027026983 0.030499999999999916
0 0.3325105081770548 0.2321091692335076 0.030030030030029943 0.030999999999999913
0 0.32462762529417194 0.2683591692335075 0.029279279279279195 0.04349999999999986
0 0.35390690457345114 0.2316091692335076 0.024774774774774688 0.030999999999999913
0 0.3460240216905683 0.2688591692335075 0.025525525525525485 0.04449999999999986
0 0.3734264240929706 0.2318591692335076 0.029279279279279237 0.03149999999999992
0 0.36516816583471234 0.2688591692335075 0.027777777777777693 0.04449999999999986
0 0.3861891868557334 0.26760916923350747 0.026276276276276277 0.04299999999999986
0 0.4057087063752529 0.2716091692335075 0.020270270270270185 0.02799999999999994
0 0.41359158925813577 0.2356091692335076 0.030030030030029943 0.042999999999999886
0 0.43461261027915665 0.2353591692335076 0.028528528528528444 0.04049999999999988
0 0.42823122889777526 0.2706091692335075 0.020270270270270185 0.02799999999999994
0 0.4458738715404179 0.2718591692335075 0.021021021021021023 0.028499999999999942
0 0.45450750517405153 0.2371091692335076 0.027777777777777693 0.041999999999999885
0 0.4668948925614389 0.26760916923350747 0.024024024024023937 0.04499999999999986
0 0.47590390157044793 0.2318591692335076 0.024024024024023937 0.030499999999999916
0 0.49692492259146875 0.2336091692335076 0.028528528528528444 0.026999999999999944
0 0.4879159135824598 0.2678591692335075 0.027027027027026942 0.04449999999999986
0 0.5081861838527301 0.26710916923350747 0.02552552552552544 0.04399999999999986
0 0.5284564541230004 0.26760916923350747 0.02552552552552544 0.04499999999999986
0 0.5415945922611384 0.2293591692335076 0.02177177177177177 0.022499999999999916