0 0.10709629438378751 0.6000925174022196 0.05260555529641068 0.037907045714902096
0 0.10838987361238779 0.6379995631171216 0.05174316914401051 0.04020444242489612
0 0.10925225976478795 0.6773424817757701 0.05174316914401051 0.03733269653740354
0 0.11087880320636011 0.7150240575928938 0.05174316914401053 0.039055744069899104
0 0.1677962892647717 0.5990055237381933 0.06726611988721368 0.037907045714902096
0 0.17038344772197225 0.6369125694530954 0.07244043680161474 0.03790704571490221
0 0.15960362081697002 0.6762554881117439 0.04743123838200968 0.038481394892400655
0 0.16089720004557032 0.7150240575928938 0.04656885222960948 0.03675834735990509
0 0.20919082457998012 0.6799887577654843 0.04829362453440986 0.03675834735990509
0 0.20919082457998012 0.7153112321816429 0.050018396839210194 0.035035299827409515
0 0.25964041449539044 0.7147368830041445 0.04743123838200966 0.035035299827409515
0 0.25748444911439 0.6782657102329885 0.0465688522296095 0.03560964900490796
0 0.23506240915198542 0.6093438089331666 0.04829362453440986 0.039055744069899104
0 0.23376882992338516 0.5711495886295151 0.04743123838200966 0.035035299827409515
0 0.1854752053889753 0.5714367632182644 0.0457064660772093 0.034460950649910956
0 0.2695578552479924 0.570862414040766 0.020697267657604195 0.03675834735990509
0 0.2691266621717924 0.6079079359894204 0.019834881505204037 0.041927489957391685
0 0.23204405761858485 0.6449534579380746 0.04915601068681002 0.03216355393991694
0 0.2691266621717924 0.643230410405579 0.025009198419605066 0.03331225229491395
0 0.301897335962999 0.5349655904471087 0.05088078299161033 0.035035299827409515
0 0.3036221082677994 0.568565017330772 0.05260555529641073 0.03675834735990509
0 0.3031909151915993 0.6053233646906769 0.05346794144881089 0.03905574406989922
0 0.30448449442019954 0.6412201882843344 0.054330327601211086 0.035035299827409515
0 0.3062092667249999 0.6788400594104871 0.056055099906011444 0.04020444242489612
0 0.30793403902980027 0.7150240575928938 0.05777987221081175 0.03560964900490796
0 0.34932857434500864 0.5303707970271205 0.05260555529641073 0.035035299827409515
0 0.3501909604974089 0.5665547952095271 0.054330327601211086 0.041927489957391685
0 0.3519157328022092 0.6047490155131784 0.0577798722108118 0.042501839134890244
0 0.35450289125940976 0.6392099661630894 0.0560550999060114 0.034460950649910956
0 0.35579647048800994 0.6733837422242512 0.0569174860584116 0.04077879160239468
0 0.35795243586901043 0.7115779625279026 0.054330327601211086 0.03905574406989922
0 0.3980533919556186 0.5306579716158698 0.05174316914401057 0.03560964900490808
0 0.4002093573366191 0.56540609685453 0.054330327601211086 0.041927489957391796
0 0.4010717434890192 0.60417466633568 0.05260555529641077 0.04135314077989324
0 0.40236532271761954 0.6380612678080925 0.050018396839210215 0.03331225229491395
0 0.40538367425102007 0.673096567635502 0.05088078299161033 0.04135314077989324
0 0.4075396396320205 0.7104292641729055 0.05174316914401053 0.04020444242489623
0 0.44548463033762825 0.5292220986721233 0.05001839683921013 0.03388660147241251
0 0.4463470164900284 0.5639702239107837 0.05174316914401044 0.04020444242489612
0 0.4472094026424286 0.6021644442144352 0.05174316914401053 0.03963009324739767
0 0.4497965610996291 0.6377740932193432 0.05519271375361124 0.03618399818240664
0 0.4523837195568297 0.6728093930467527 0.05691748605841156 0.04422488666738582
0 0.4554020710902302 0.7101420895841564 0.05777987221081171 0.03618399818240653
0 0.5017260828958157 0.5264985826916166 0.06797091485194943 0.038739500066677465
0 0.5059742650740624 0.5637146192725259 0.07254588027467691 0.0383042247850293
0 0.5063010483185431 0.6026717569800273 0.07450657974156008 0.04222170231986195
0 0.4978046839620493 0.6361879536669282 0.05097818613896214 0.0317750955603085
0 0.501399299651335 0.6716628891212452 0.052938885605845316 0.040045325911621604
0 0.5043403488516598 0.7099671139062745 0.049671053161040084 0.03830422478502942
0 0.5638148993471156 0.5656733580399421 0.04967105316104 0.034386747250196775
0 0.5566256679685441 0.6018012064167313 0.03398545742597476 0.038739500066677465
0 0.5494364365899724 0.6374937795118722 0.05228531911688429 0.0317750955603085
0 0.5523774857902972 0.6734039902478374 0.051631752627923175 0.040045325911621715
0 0.5536846187682194 0.7097494762654505 0.050324619650001026 0.03525729781349298
0 0.6115252530412725 0.5593618664560452 0.047056787205195794 0.02524596633558758
0 0.604989588151662 0.5904840490938816 0.06797091485194952 0.036998398940085164
0 0.5997610562399736 0.6294411868013832 0.04967105316104 0.03917477534832551
0 0.6004146227289346 0.6686159621497088 0.05097818613896214 0.040045325911621604
0 0.6013949724623762 0.7069201869347381 0.051631752627923175 0.03830422478502942
0 0.6674051878474426 0.5637146192725259 0.06470308240714429 0.03656312365843712
0 0.6615230894467932 0.5952720771920104 0.04640322071623476 0.02742234274382781
0 0.6562945575351048 0.628352998597263 0.06601021538506635 0.03961005062997367
0 0.6579284737575073 0.6668748610231164 0.06797091485194952 0.03830422478502942
0 0.6589088234909488 0.7056143610897939 0.0673173483629885 0.03656312365843712
0 0.71544232478608 0.6000601052901391 0.06143524996233897 0.036127848376789076
0 0.7180565907419242 0.6377114171526964 0.06274238294026102 0.03656312365843712
0 0.7082530934075083 0.67732146778267 0.03398545742597476 0.03917477534832563
0 0.7379903686552364 0.6738392655294854 0.02941049200324738 0.0383042247850293
0 0.7860275055938737 0.6033246699024994 0.019606994668831586 0.035692573095141025
0 0.7896221212831595 0.6385819677159925 0.017646295201948495 0.035692573095141025
0 0.7857007223493931 0.6749274537336056 0.024181960091558968 0.03786894950338137
0 0.7915828207500426 0.5843901951508088 0.02941049200324738 0.03351619668690069
0 0.801059534839978 0.6152947401478212 0.013071329779221114 0.028292893307124017
0 0.80857554946303 0.5780787035669119 0.039867555826624206 0.033080921405252636
0 0.8062880667516663 0.6451110969407134 0.018299861690909355 0.028728168588772064
0 0.8536716372013426 0.578296341207736 0.055553151561689613 0.03351619668690069
0 0.8187058300419263 0.6109419873313405 0.02614265955844223 0.03264564612360459
0 0.8556323366682258 0.6100714367680444 0.05555315156168944 0.03351619668690069
0 0.8559591199127062 0.6414112570467048 0.05489958507272841 0.03525729781349298
0 0.8190326132864069 0.6414112570467048 0.02287482711363674 0.03264564612360459
0 0.8291628938653032 0.6744921784519575 0.06012811698441682 0.0317750955603085