0 0.04059207061704517 0.7601794973079846 0.08033297802505093 0.22009656729267704
0 0.05840174027354232 0.630277141869781 0.10988945107200364 0.0419771803599436
0 0.12774577319139288 0.630277141869781 0.09852157682317567 0.04424621713615674
0 0.20087909752551947 0.6297098826757276 0.08260655287481654 0.04538073552426331
0 0.27173884700988044 0.6217682539589816 0.07578582832551976 0.052187845852902814
0 0.337293588511455 0.6280081050935677 0.07957511974179574 0.041977180359943515
0 0.4032272591546572 0.6172301804065553 0.09170085227387892 0.052187845852902814
0 0.4661294966648386 0.6229027723470881 0.09776371853992048 0.04764977230047645
0 0.5294106633166477 0.6212009947649282 0.10610015965572762 0.03970814358373038
0 0.5782925225866079 0.6183646987946617 0.11140516763851395 0.04084266197183703
0 0.6305847441312165 0.616662921212502 0.11595231733804519 0.037439106807517324
0 0.686666257092101 0.6126921068541288 0.12049946703757633 0.03857362519562381
0 0.7264538169629988 0.6115575884660224 0.09549014369015492 0.03403555164319753
0 0.08871607160375022 0.7618812748901446 0.13414091613617 0.22123108568078362
0 0.17965906559437395 0.7556414237555583 0.10988945107200365 0.21555849374025085
0 0.275907067567784 0.7499688318150254 0.10231086823945165 0.20875138341161126
0 0.3619239827172489 0.7471325358447589 0.10913159278874844 0.20307879147107832
0 0.44036231503416184 0.741459943904226 0.126562333303618 0.20080975469486528
0 0.5214531513424681 0.7363546111577464 0.14171949896872202 0.19286812597811911
0 0.5953443339598498 0.7289802416350537 0.14550879038499784 0.18719553403758618
0 0.6620358628863072 0.7238749088885741 0.15005594008452908 0.17698486854462697
0 0.5180427890678196 0.9326262923001853 0.1864331376807786 0.1361422065727901
0 0.6377843978221408 0.9207138492250663 0.22735748497655925 0.1622361294992413
0 0.07393783508027386 0.9275209595537057 0.10761587622223806 0.144083835289536
0 0.17928013645274632 0.9246846635834393 0.10458444308921727 0.14975642723006893
0 0.277801713275922 0.9190120716429063 0.10003729338968606 0.15656353755870853
0 0.36874470726654573 0.9116377021202136 0.10003729338968606 0.15542901917060187
0 0.7213305986067939 0.7153164494677129 0.1558285508300057 0.17723783923394107
0 0.7840102391641146 0.7061939136247894 0.15582855083000585 0.16420564517262187
0 0.8397254752150666 0.7022842554063937 0.15756965195659803 0.16159920636035804
0 0.893264334857778 0.6964197680788001 0.16018130364648642 0.15247667051743458
0 0.9272158068263268 0.6931617195634704 0.1445113935071562 0.14856701229903888
0 0.7470118402240296 0.9134057991997646 0.26987067462179776 0.1642056451726218
0 0.8488662561296758 0.907541311872171 0.3012104949004581 0.1811474974523367
0 0.8854293797881129 0.8860381916709943 0.22808424758358387 0.2085151049811069
0 0.922427778728198 0.8384706833471793 0.1558285508300057 0.12380584358253216
0 0.9542028742885066 0.8045869787877493 0.09227835970938884 0.0742835061495194