0 0.24065479447073437 0.23232001781836553 0.4501678202535869 0.4255840809871525
0 0.23838121962096878 0.5020083258235932 0.42743207175593095 0.3595844106736369
0 0.23534978648794797 0.8103860957367439 0.45774640308613884 0.35275685857223876
0 0.6680868662266652 0.817213647838142 0.36528769252900484 0.30268814316198556
0 0.5794174470858073 0.5725596975380409 0.2576718163067669 0.2548952784521983
0 0.581691021935573 0.37342276124726104 0.25009323347421497 0.3117915459638498
0 0.7969227743800489 0.5304564595794189 0.1985588702128615 0.1843439067377505
0 0.7832813252814552 0.6271801143492264 0.18037027141473685 0.22303336864567347
0 0.9318215487994739 0.8160757224879089 0.1318673412864042 0.17751635463635249
0 0.9560730138636402 0.6840763818608777 0.08336441115807168 0.14110274342889553
0 0.9530415807306193 0.5463874144826812 0.0894272774241133 0.15703369833215786