0 0.12679392776149162 0.44177724776334437 0.027049912170844223 0.018720012537805485
0 0.1264640507837984 0.4554377974530943 0.027709666126230673 0.015684334828972153
0 0.12563935833956535 0.47061618599726107 0.02672003519315099 0.015684334828972153
0 0.15483347086541555 0.4379826506273027 0.028369420081617136 0.019225958822611144
0 0.1545035938877223 0.45467887802588597 0.03034868194777647 0.019225958822611144
0 0.15351396295464265 0.4696042934276499 0.02902917403700357 0.017708119968194432
0 0.1812236290808733 0.4357058923456777 0.025730404260071366 0.02074379767702777
0 0.18105869059202673 0.4539199585986777 0.026060281237764597 0.01973190510741663
0 0.18056387512548686 0.4696042934276499 0.025730404260071366 0.01669622739858338
0 0.22080886640405997 0.42685183236158053 0.04816203874321044 0.01720217368338895
0 0.22014911244867358 0.4407653551937332 0.05080105456475624 0.018720012537805576
0 0.2196542969821337 0.4556907705954971 0.05245043945322234 0.017202173683388864
0 0.2194893584932871 0.47137510542446937 0.05212056247552914 0.017202173683388864
0 0.2722697309126731 0.4262166233775266 0.050471177587063036 0.01568433482897224
0 0.2724346694015197 0.4408890656368877 0.05080105456475627 0.017708119968194432
0 0.2725996078903663 0.4550555616114433 0.051130931542449444 0.016696227398583292
0 0.2719398539349798 0.4709928695828183 0.05113093154244947 0.020237851392222197
0 0.32010189267819034 0.40724363769731825 0.05245043945322237 0.019225958822611144
0 0.3204317696558835 0.42267499938388764 0.051130931542449444 0.017708119968194432
0 0.32208115454434966 0.4376004147856516 0.048491915720903646 0.019225958822611144
0 0.3227409084997361 0.4532847496146237 0.04849191572090371 0.020237851392222197
0 0.3227409084997361 0.47073989644041553 0.04915166967629017 0.019731905107416715
0 0.36331577675600246 0.4082555302669293 0.03595659056856118 0.020237851392222197
0 0.3631508382671558 0.42596365023512384 0.03628646754625441 0.020237851392222197
0 0.3634807152448491 0.4416479850640961 0.034966959635481604 0.01720217368338895
0 0.3639755307113889 0.4555615078962488 0.03397732870240191 0.016696227398583292
0 0.3760160403971915 0.4692220575859987 0.032327943813935806 0.017708119968194432
0 0.4205431451446293 0.4063695987115896 0.05115543411972573 0.024409545933066157
0 0.42111153885707076 0.4220614496685607 0.05153436326135329 0.01976010861248209
0 0.42111153885707076 0.4383344802906048 0.05153436326135329 0.02208482727277408
0 0.42130100342788457 0.4546075109126489 0.05115543411972573 0.017435389952190013
0 0.4216799325695122 0.4705899517021565 0.05115543411972573 0.020341288277555044
0 0.46089885061255187 0.4082102473062372 0.03374999999999983 0.017638036809815863
0 0.4612738506125519 0.4239311062019427 0.03349999999999983 0.019171779141104208
0 0.46189885061255187 0.44061055405470323 0.03224999999999983 0.01802147239263795
0 0.46189885061255187 0.45575625957617566 0.03174999999999983 0.014570552147239176
0 0.4626488506125519 0.47090196509764787 0.03274999999999983 0.01725460122699378
0 0.5201488506125517 0.42201392828783224 0.051249999999999775 0.016871165644171692
0 0.5203988506125516 0.43850165834918176 0.05124999999999983 0.017638036809815863
0 0.5205238506125517 0.45441423503629835 0.04949999999999983 0.013420245398772918
0 0.5203988506125516 0.47166883626329204 0.04824999999999983 0.015720858895705434
0 0.5699701839048859 0.4064545275065208 0.04899999999999977 0.019171779141104208
0 0.5702201839048858 0.42275053977645943 0.04899999999999977 0.01802147239263795
0 0.5704701839048859 0.43789624529793164 0.04949999999999977 0.016871165644171692
0 0.5703451839048859 0.4541922575678703 0.04774999999999977 0.01878834355828212
0 0.5700951839048859 0.4710634232120419 0.04674999999999977 0.01802147239263795
0 0.6172201839048856 0.4223671041936373 0.04499999999999977 0.01878834355828212
0 0.6170951839048856 0.4384713986721648 0.04524999999999977 0.01802147239263795
0 0.6165951839048857 0.4551508465249255 0.04524999999999977 0.01993865030674838
0 0.6185951839048857 0.47221372996050814 0.04674999999999977 0.015720858895705434
0 0.6671829522020205 0.40732768270431086 0.04613917985469436 0.01702380319329067
0 0.6666388580999603 0.42268248558453386 0.04592154221387022 0.016356203068063603
0 0.6668564957407843 0.4390386886525975 0.046356817495518385 0.017023803193290755
0 0.6666388580999603 0.45372589140759334 0.04679209277716643 0.016356203068063603
0 0.6663124016387242 0.47141729472611116 0.04657445513634241 0.019694203694199015
0 0.7121251250321825 0.4552279916893543 0.045050991650574246 0.017357603255904287
0 0.7035284382196334 0.4397062887778245 0.029163443870419997 0.012350602316701043
0 0.7122339438525946 0.4710834946634975 0.04526862929139827 0.016356203068063603
0 0.8262098917936912 0.40937662089433347 0.04526862929139815 0.016022403005450072
0 0.8257746165120432 0.42473142377455647 0.04526862929139815 0.01936040363158548
0 0.8256657976916311 0.44008622665477937 0.04548626693222229 0.016690003130677138
0 0.8253393412303951 0.4559417296289227 0.047009730417990454 0.02102940394465323
0 0.824795247128335 0.4714634325404525 0.04679209277716643 0.020695603882039698
0 0.8726755281096216 0.4100442210195605 0.04548626693222218 0.017357603255904287
0 0.8732196222116817 0.4255659239310903 0.04613917985469425 0.01702380319329067
0 0.8728931657504456 0.4415883269365404 0.04548626693222218 0.017691403318517734
0 0.8730019845708576 0.45794453000460394 0.04396280344645402 0.018359003443744797
0 0.8737637163137417 0.4734662329161337 0.04200406467903781 0.016022403005449985
0 0.919249983245964 0.41071182114478766 0.04243933996068586 0.016022403005450072
0 0.9183583169162856 0.4260237076906332 0.04187167014984948 0.017435389952190013
0 0.9185477814870994 0.4411343789825312 0.0422505992914771 0.01685421028711706
0 0.9186425137725062 0.4563903451906976 0.04281899300391854 0.01714480011965358
0 0.9188319783433201 0.4729539656452782 0.04319792214554616 0.02005069844501861
0 0.9589037350704385 0.4152718838867826 0.039219166158456345 0.015691850956971065
0 0.9590931996412523 0.42805783651838875 0.03808237873357348 0.015691850956971065
0 0.9589037350704385 0.44316850781028677 0.039219166158456345 0.015110671291898022
0 0.9588090027850315 0.45813388418591655 0.03978755987089778 0.016563620454580538
0 0.9595668610682867 0.4738257351428876 0.04054541815415291 0.01946951877994557