0 0.8093234452480838 0.7251462066074593 0.31375332926765226 0.15589577298192517
0 0.8066709412566905 0.6050950821578746 0.3114797544178866 0.19572316024008127
0 0.8134916658059873 0.4765095175815421 0.3281526366495009 0.22986092074707218
0 0.8129482150921518 0.3166065539989855 0.04652228337737995 0.10348633828802106
0 0.769010503013515 0.3006524101795823 0.045947934199881385 0.10952304135482228
0 0.6429408585525908 0.3114322370845845 0.2107861481419558 0.15350473512723128
0 0.8138097388583995 0.3821479015813989 0.045947934199881274 0.062091802972812624
0 0.7687233284247659 0.3843038669623993 0.04652228337737983 0.09744963522121983
0 0.7256471401123771 0.3795607431241983 0.04307618831238869 0.11038542750722244
0 0.5995774956514527 0.38559744619099956 0.2079144022544631 0.15177996282243086
0 0.55168361502843 0.473190766503313 0.20721150168075742 0.13896642222381966
0 0.6356254670961549 0.7572490454887338 0.03963009324739767 0.09055054600201827
0 0.6318921974424144 0.6589370241151139 0.04135314077989324 0.10952304135482224
0 0.631317848264916 0.5524323342936923 0.041353140779893126 0.10866065520242209
0 0.5068082020746901 0.5711208277474412 0.21365789402944813 0.1612662104988327
0 0.5082440750184364 0.6728823937306618 0.2165296399169407 0.1474680320604299
0 0.5093927733734335 0.7604145881992795 0.21882703662693484 0.10521111059282129
0 0.37360939098300455 0.43032214692953114 0.11809595801417384 0.08321221058928147
0 0.40692696573002 0.49322661564880943 0.048821792698596995 0.0842028321439158
0 0.40659708875232686 0.5655419891371136 0.04552302292166479 0.08024034592537857
0 0.33204489179365837 0.49322661564880943 0.10622038681721785 0.08816531836245303
0 0.36437283560759426 0.5630654352505279 0.04420351501089192 0.0871746968078187
0 0.36767160538452653 0.6403339165120036 0.04288400710011899 0.08321221058928147
0 0.36800148236221975 0.7185930193281135 0.043543761055505455 0.08519345369855012
0 0.2927895314481649 0.5625701244732106 0.10556063286183139 0.09014656147172169
0 0.32577722921748714 0.6368667410707834 0.044863268966278326 0.0842028321439158
0 0.3251174752621007 0.7156211546642105 0.044863268966278326 0.0871746968078187
0 0.2502354013257391 0.6462776458398094 0.1035813709956721 0.10698712790050487
0 0.24924577039265944 0.7052196283405504 0.10424112495105854 0.06439040105122971
0 0.23737019919570337 0.7562366384042171 0.1279922673449706 0.07924972437074432
0 0.25386404808036456 0.4744048061107577 0.08576801420023801 0.06835288726976695
0 0.2159281956456439 0.5318608562795473 0.0851082602448516 0.07231537348830419
0 0.17898197414400288 0.5947653249988256 0.08378875233407868 0.07330599504293851
0 0.14533452241929412 0.5759435154607738 0.05080105456475637 0.0435873484039094
0 0.14005649077620255 0.6660900769324954 0.0785107206909871 0.08321221058928147
0 0.13873698286542965 0.7294898564290908 0.07983022860175999 0.07330599504293843
0 0.10871817789534637 0.6220074177512689 0.05805834807400727 0.0643904010512298
0 0.07177195639370537 0.6804540894746928 0.058058348074007275 0.07627785970684142
0 0.06979269452754604 0.7408820043073854 0.06069736389555306 0.07231537348830419