0 0.2414699914328666 0.40787878413128903 0.04249999999999991 0.023333333333333258
0 0.2409699914328666 0.4288787841312889 0.04149999999999991 0.022666666666666592
0 0.23421999143286662 0.44954545079795555 0.02799999999999994 0.02266666666666667
0 0.23371999143286662 0.4688787841312889 0.02599999999999997 0.022666666666666592
0 0.26721999143286657 0.40687878413128903 0.013999999999999943 0.019999999999999924
0 0.26271999143286656 0.4502121174646222 0.028999999999999915 0.024
0 0.32721999143286645 0.4268787841312889 0.03399999999999994 0.022666666666666592
0 0.32371999143286645 0.44621211746462225 0.028999999999999942 0.026666666666666592
0 0.32421999143286645 0.4688787841312889 0.029999999999999943 0.026666666666666592
0 0.30821999143286644 0.40454545079795573 0.040999999999999884 0.023333333333333258
0 0.3730474190019562 0.40382481811725135 0.04321388407781217 0.020672290602108585
0 0.40026226966164713 0.40228539222134974 0.015174340973888263 0.020232454631851016
0 0.41312747179168274 0.40206547423622085 0.0145145870185018 0.021551962542623943
0 0.4294563821874973 0.40228539222134974 0.018143233773127234 0.021991798512881588
0 0.3639758021153926 0.42647637058551935 0.0409047452339596 0.02199179851288151
0 0.358697770472301 0.44912792305378735 0.0290291740370036 0.022431634483139153
0 0.35836789349460774 0.47111972156666887 0.03034868194777647 0.025070650304684933
0 0.4254978584551786 0.4260365346152617 0.038595606390107035 0.021112126572366226
0 0.4033961009497327 0.45000759499430265 0.02606028123776463 0.01979261866159345
0 0.40422079339396577 0.4715595575369265 0.0290291740370036 0.024190978364169648
0 0.4672423982600252 0.40733356880403165 0.04387363803319863 0.022431634483139153
0 0.4629539975500134 0.43042495724255725 0.035296836613174835 0.023751142393912007
0 0.45965522777308115 0.45263667374056765 0.031338312880856166 0.02067229060210866
0 0.4594902892842345 0.4733089643426762 0.030348681947776526 0.022431634483139153
0 0.5033639273174332 0.42888553134665564 0.0461827768770512 0.025070650304684933
0 0.4964365107858755 0.4504374938892795 0.032987697769322324 0.025070650304684933
0 0.49594169531933563 0.4741886362831915 0.033317574747015445 0.025070650304684933
0 0.5391555793971479 0.40733356880403165 0.03397732870240191 0.02155196254262387
0 0.5784109397426412 0.4084331587296757 0.04519314594397156 0.02287147045339672
0 0.5459180574398588 0.4348233169451336 0.030348681947776526 0.021112126572366226
0 0.5411348412633071 0.4561553615026287 0.016823725862354307 0.019792618661593375
0 0.6095843141346509 0.4071136508189029 0.01517434097388832 0.022871470453396797
0 0.6250885320862324 0.4060140608932588 0.01517434097388832 0.023311306423654362
0 0.6414174424820469 0.40535430693787233 0.015504217951581495 0.02463081433442729
0 0.6560969679893953 0.40579414290813004 0.015174340973888206 0.023751142393912007
0 0.6080998677350313 0.43064487522768613 0.04519314594397156 0.025950322245200216
0 0.6011724512034736 0.4535163456810829 0.033317574747015556 0.024190978364169648
0 0.6010075127146272 0.474848390238578 0.032327943813935806 0.023751142393912007
0 0.6011724512034736 0.49640035278120187 0.03265782079162898 0.026390158215457784
0 0.6376238572385748 0.5003588765135205 0.03364745172470873 0.02639015821545786
0 0.6381186727051147 0.47682765210473727 0.03265782079162898 0.019792618661593375
0 0.6377887957274214 0.45439601762159815 0.031338312880856166 0.02155196254262387
0 0.6402628730601206 0.4328440550789743 0.03694622150164093 0.019792618661593375