0 0.24725639693556895 0.12152794747566055 0.04020444242489612 0.08340100331939525
0 0.2529998887105541 0.18472355308365593 0.031014855584919843 0.044709816212459313
0 0.286312141005468 0.1666676657670858 0.04250183913489019 0.09457845737251007
0 0.2886095377154621 0.23072307553301308 0.03560964900490802 0.05416766194971037
0 0.32709093260786265 0.21782601316403444 0.043650537489887196 0.095438261530442
0 0.3701671209202514 0.24490984413888958 0.04479923584488421 0.053307857791778435
0 0.40089480191642196 0.21911571940093233 0.04422488666738571 0.09801767400423776
0 0.35695708983778546 0.1705367844777794 0.04250183913489013 0.09543826153044198
0 0.38773529114889116 0.14597933780557648 0.04309225288315798 0.055386824760606496
0 0.41885747378672755 0.14369870384484562 0.044398078728102176 0.05603843446367245
0 0.4327862827994654 0.21635318573670007 0.04613917985469442 0.09969628456909171
0 0.4584675244167011 0.2137467469244362 0.03221037084195649 0.09839306516295977
0 0.44932674350209173 0.14011485047798286 0.044398078728102176 0.05278038594834266
0 0.5019950525815071 0.2075564547453096 0.03569257309514097 0.09643823605376192
0 0.5285468447620387 0.20527582078457873 0.05049193267117505 0.10099950397522363
0 0.565109968420476 0.22417250217349155 0.03133982027866034 0.054083605354474575
0 0.5396463644440643 0.15054060572703817 0.048315556262934704 0.09708984575682786
0 0.5100476452919962 0.1345761680019222 0.04309225288315798 0.05082555683914478
0 0.31125121223657515 0.10065853186708844 0.05001864669484297 0.11628813478092458
0 0.30859870824518204 0.058114092313091656 0.05532365467762935 0.11515361639281799
0 0.3409971498543416 0.05754683311903837 0.045850426136939404 0.1094810244522851
0 0.36960630004722533 0.05499416674579855 0.05001864669484297 0.10777924687012522
0 0.4008679542315022 0.05329238916363868 0.050397575836470594 0.1032411733176989
0 0.43194014384496515 0.05244150037255875 0.05039757583647054 0.10153939573553904
0 0.4588441129005247 0.05102335238742553 0.04812400098670497 0.09756858137716598
0 0.49029523165561534 0.050456093193372235 0.048881859269960214 0.09643406298905939
0 0.5185254527068714 0.0464852788349992 0.047745071845077404 0.08962695266041991
0 0.5484608548954516 0.046768908432025844 0.047745071845077404 0.08905969346636664
0 0.24020199818140053 0.055561425939851854 0.03675612673787705 0.04991880907668957
0 0.2686216838034704 0.051874241178505455 0.03372469360485624 0.05162058665884945