0 0.7905161365790627 0.29123280597703893 0.2871151472515081 0.2309138843852554
0 0.4201681407892186 0.4128749415014147 0.23060844273924314 0.18967926217360268
0 0.48583809468185074 0.5963690103432694 0.16035686415642736 0.1319507910772888
0 0.369006665082168 0.5953381447879781 0.07941482796318305 0.12576559774554089
0 0.4812564699916671 0.7138876836464798 0.16341128061654975 0.1278273288561235
0 0.596534345099978 0.606392428881129 0.0839964526533667 0.116487807747919
0 0.5980615533300392 0.7105098499655521 0.07483320327299949 0.1123643455267537
0 0.6400597796567224 0.5270157811236975 0.12064945017483585 0.1144260766373364
0 0.6664041216252784 0.6197936810999162 0.06643355800766276 0.09587049664209255
0 0.6679313298553395 0.7120561482984892 0.06337914154754037 0.10102482441854921
0 0.7248198364251197 0.6270097399869553 0.06261553743250975 0.08762357219976202