0 0.022101055503495615 0.5191878972720284 0.024810691053939404 0.03308092140525256
0 0.04342954430425054 0.5194780807931272 0.023069589927347166 0.03482202253184475
0 0.06649913423159771 0.5186075302298311 0.02306958992734716 0.03308092140525256
0 0.08913344887729681 0.5194780807931272 0.02394014049064329 0.03366128844744996
0 0.11111485060052383 0.5186075302298311 0.022634314645699108 0.03308092140525256
0 0.134184440527871 0.5186075302298311 0.022634314645699108 0.03075945323646283
0 0.15551292932862593 0.5186075302298311 0.023504865208995227 0.03075945323646283
0 0.177929606333501 0.5183173467087323 0.02219903936405106 0.030179086194265438
0 0.20012864569755204 0.5194780807931272 0.023069589927347152 0.030179086194265438
0 0.22254532270242708 0.5191878972720284 0.02437541577229132 0.0319201873208577
0 0.24474436206647812 0.5188977137509297 0.022634314645699077 0.031339820278660224
0 0.27347253065525007 0.5186075302298311 0.037433674221733125 0.03075945323646283
0 0.011001535821470095 0.5508179010717875 0.02176376408240298 0.0313398202786603
0 0.011219173462294124 0.5824479048715465 0.02132848880075492 0.031920187320857774
0 0.011001535821470097 0.6123368075447133 0.020893213519106866 0.02437541577229134
0 0.02775963416492039 0.5511080845928862 0.010011331477905372 0.02959871915206804
0 0.027541996524096363 0.5824479048715465 0.010446606759553433 0.031920187320857774
0 0.0271067212424483 0.6111760734603184 0.013928809012737912 0.026696883941080992
0 0.04408245722672263 0.5505277175506887 0.022634314645699108 0.031920187320857774
0 0.04342954430425054 0.5812871707871516 0.022199039364051047 0.031920187320857774
0 0.04451773250837069 0.6114662569814172 0.020893213519106866 0.02843798506767325
0 0.06606385894994965 0.5499473505084913 0.02306958992734716 0.0319201873208577
0 0.06628149659077368 0.5815773543082503 0.02437541577229134 0.03366128844745003
0 0.06628149659077368 0.610595706418121 0.025245966335587462 0.030179086194265514
0 0.08913344887729681 0.5499473505084913 0.024810691053939408 0.0319201873208577
0 0.08739234775070458 0.5807068037449543 0.021328488800754927 0.03308092140525256
0 0.08826289831400069 0.6108858899392198 0.022199039364051047 0.02959871915206804
0 0.1108972129596998 0.5505277175506887 0.02394014049064329 0.03308092140525256
0 0.1108972129596998 0.5812871707871516 0.025681241617235527 0.03424165548964743
0 0.11067957531887576 0.6108858899392198 0.02524596633558747 0.02843798506767325
0 0.1322257017604547 0.5502375340295901 0.023940140490643275 0.03366128844744996
0 0.13244333940127873 0.5815773543082503 0.023504865208995213 0.034822022531844826
0 0.13266097704210278 0.6114662569814172 0.02394014049064329 0.02843798506767325
0 0.15529529168780187 0.5487866164240965 0.026551792180531636 0.035402389574042216
0 0.15507765404697785 0.5815773543082503 0.024375415772291346 0.03598275661623969
0 0.15573056696944995 0.6114662569814172 0.02306958992734718 0.027277250983278465
0 0.17749433105185292 0.5499473505084913 0.023940140490643275 0.03656312365843701
0 0.177929606333501 0.5821577213504477 0.02219903936405106 0.03366128844745003
0 0.1772766934110289 0.6114662569814172 0.023504865208995227 0.02959871915206804
0 0.20012864569755204 0.5508179010717874 0.024810691053939394 0.03482202253184475
0 0.199693370415904 0.5821577213504477 0.024810691053939394 0.034822022531844826
0 0.20034628333837606 0.6103055228970223 0.02437541577229132 0.02843798506767318
0 0.22298059798407513 0.551398268113985 0.02437541577229129 0.032500554363055094
0 0.2234158732657232 0.5824479048715465 0.02437541577229132 0.036563123658437086
0 0.22298059798407513 0.610595706418121 0.0235048652089952 0.027857618025475782
0 0.24518857174735728 0.5506839545242479 0.023069589927347152 0.03366128844744996
0 0.24562384702900533 0.5817335912818095 0.023069589927347124 0.03424165548964735
0 0.24475329646570923 0.6113323104338775 0.02132848880075491 0.02843798506767325
0 0.2671699734705843 0.5503937710031491 0.02437541577229132 0.033080921405252484
0 0.2671699734705843 0.5823139583240069 0.02524596633558747 0.0319201873208577
0 0.2673876111114083 0.6113323104338775 0.02481069105393942 0.02843798506767325
0 0.2965510549818283 0.5492330369187544 0.03351619668690057 0.0319201873208577
0 0.2898042881162834 0.5820237748029082 0.024375415772291378 0.03366128844744988
0 0.2898042881162834 0.6110421269127788 0.02350486520899517 0.030179086194265438
0 0.3183148190642313 0.581153224239612 0.0361278483767889 0.03540238957404214
0 0.3194030072683514 0.6119126774760749 0.03656312365843701 0.030759453236462907
0 0.3061271111780856 0.5228263364987721 0.01958738767416264 0.025536149856686202
0 0.3263674117747204 0.5242772541042656 0.020022662955810743 0.02959871915206804
0 0.3265850494155444 0.5518446886086427 0.02045793823745879 0.029018352109870648
0 0.3463900747305311 0.5236968870620682 0.020022662955810743 0.0319201873208577
0 0.34660771237135507 0.5521348721297414 0.0178462865475704 0.02843798506767318
0 0.34660771237135507 0.5805728571974147 0.0178462865475704 0.02843798506767325
0 0.34660771237135507 0.61075194339168 0.0195873876741627 0.03192018732085762
0 0.3668480129679899 0.5236968870620682 0.02176376408240293 0.02959871915206804
0 0.36793620117211 0.5524250556508402 0.025681241617235513 0.032500554363055094
0 0.3666303753271659 0.5805728571974147 0.023940140490643275 0.03075945323646283
0 0.36532454948222165 0.6095912093072853 0.02045793823745879 0.035402389574042216
0 0.39714993668821963 0.5437824024413436 0.036499999999999776 0.05133333333333303
0 0.3971499366882196 0.59244906910801 0.038499999999999715 0.052666666666666286
0 0.4321499366882194 0.4981157357746772 0.035499999999999775 0.04933333333333303
0 0.4331499366882194 0.5437824024413436 0.03749999999999977 0.05133333333333303
0 0.4328999366882194 0.5927824024413434 0.03699999999999977 0.05599999999999962
0 0.46469977029276477 0.45173081984108227 0.03694622150164082 0.051020972549884996
0 0.4643698933150715 0.4974737607478756 0.037605975457027284 0.052780316430915415
0 0.46535952424815114 0.54673538941673 0.03562671359086795 0.051020972549884996
0 0.4986770989951666 0.594237674204554 0.09038629188794271 0.05278031643091549
0 0.5870841290169498 0.582362103007598 0.08906678397716984 0.057178676133491764
0 0.673511897172574 0.5863206267399166 0.09038629188794277 0.05805834807400697
0 0.499336852950553 0.45041131193030937 0.037605975457027284 0.04838195672833922
0 0.49900697597285976 0.4961542528371027 0.03694622150164082 0.05014130060936964
0 0.49834722201747333 0.5436565376249267 0.03694622150164082 0.05014130060936964
0 0.5323245507198751 0.45085114790056696 0.03496695963548143 0.049261628668854425
0 0.5329843046752616 0.49615425283710274 0.03496695963548154 0.0536599883714307
0 0.5326544276975683 0.5436565376249267 0.03430720568009508 0.05190064449040021
0 0.5666317563999702 0.45129098387082467 0.03628646754625447 0.05190064449040021
0 0.5666317563999702 0.4974737607478757 0.03628646754625447 0.05102097254988492
0 0.5666317563999702 0.5388183419520927 0.03628646754625447 0.035186877620610325
0 0.600609085102372 0.44997147596005166 0.03826572941241375 0.05102097254988492
0 0.6009389620800653 0.49791359671813323 0.03628646754625436 0.05190064449040013
0 0.6019285930131449 0.5388183419520927 0.03694622150164082 0.038705565382671316
0 0.6382150605593992 0.4486519680492788 0.035626713590867894 0.04838195672833914
0 0.6382150605593992 0.4957144168668451 0.035626713590867894 0.05102097254988492
0 0.6372183626726339 0.5398924162134108 0.03628646754625436 0.0378258934421561
0 0.6728450762635019 0.44884637037008174 0.03496695963548143 0.049261628668854425
0 0.6725151992858085 0.4967884911281632 0.03694622150164082 0.0536599883714307
0 0.6721853223081152 0.5390127442728956 0.03628646754625436 0.037825893442156026
0 0.7071522819435968 0.44972604231059693 0.03628646754625436 0.05102097254988492
0 0.7071522819435968 0.49898767097945135 0.0389254833678001 0.05278031643091549
0 0.7061626510105171 0.5451704478565024 0.03430720568009497 0.0536599883714307
0 0.743108872512158 0.45104555022136983 0.03694622150164082 0.0536599883714307
0 0.7421192415790784 0.49986734291996665 0.037605975457027284 0.05453966031194599
0 0.741789364601385 0.546929791737533 0.03826572941241375 0.057178676133491764
0 0.7391503487798393 0.5961914204063873 0.03958523732318656 0.0536599883714307
0 0.7784057091253326 0.44972604231059693 0.03496695963548143 0.05453966031194591
0 0.7770862012145597 0.499427506949709 0.03628646754625447 0.0536599883714307
0 0.775766693303787 0.5486891356185634 0.03628646754625436 0.05717867613349169
0 0.7754368163260936 0.5957515844361296 0.035626713590867894 0.056299004192976475
0 0.811723283872348 0.49898767097945135 0.03826572941241375 0.05278031643091549
0 0.8107336529392682 0.546929791737533 0.037605975457027284 0.057178676133491764
0 0.8107336529392684 0.5961914204063873 0.04024499127857303 0.0536599883714307
0 0.6843907704827645 0.7690469567176355 0.17285553631124798 0.05981769195503754
0 0.701544373322812 0.6586481281829706 0.2032042182590244 0.06597539553864439
0 0.685050524438151 0.7118682805841435 0.17549455213279383 0.05453966031194599
0 0.8529443569083303 0.6600706199192993 0.10395720112723097 0.05666911884651995
0 0.9534554629705702 0.6558587259509768 0.09247021757726077 0.06815610239649035
0 0.8718978797657813 0.7209516327341418 0.20504265636696936 0.07275089581647838
0 0.8718978797657813 0.774940455419002 0.2084887514319605 0.0689219012998216