0 0.5115518945470097 0.4808716812178559 0.7459999999999954 0.4079999999999976
0 0.07355189454701225 0.48620501455118925 0.14599999999999913 0.3546666666666645
0 0.13755189454701186 0.22620501455119074 0.27399999999999836 0.18666666666666554
0 0.13533858762227222 0.08725001813550522 0.26642661384947774 0.17124332616470508
0 0.9341419607380592 0.4602542551876518 0.12750551740467006 0.24965044248602067
0 0.8485639332907807 0.2297487852849149 0.29866157229922713 0.2266764753860801
0 0.846003902565366 0.08653312310209561 0.29981027065422416 0.16694416092623465
0 0.6398125478433996 0.07810933516545075 0.11716723220969674 0.1500965850529449
0 0.642684293730892 0.22667432241173294 0.11601853385469973 0.19298132363950057
0 0.531834902473679 0.22973751802505835 0.10797764536972056 0.1623493675062465
0 0.532983600828676 0.08346992748877022 0.11257243878970871 0.16081776969958383
0 0.43291261155641775 0.10785134353949369 0.110559921538607 0.2089321351910684
0 0.43247733627476964 0.2523627370466493 0.102724966468942 0.09866239717356007
0 0.33932842600208507 0.10785134353949369 0.09227835970938855 0.2042891988534891
0 0.33889315072043696 0.2436572314136881 0.08792560689290792 0.09285872675158593