0 0.610353738231988 0.39174573993618744 0.05299999999999943 0.04429429429429378
0 0.5553537382319886 0.3838628570533047 0.035999999999999546 0.04204204204204157
0 0.5568537382319885 0.42327727146771865 0.034999999999999656 0.045795795795795284
0 0.5578537382319885 0.46419318738363413 0.03299999999999966 0.04654654654654603
0 0.5576037382319885 0.5039829771734236 0.03349999999999966 0.03753753753753711
0 0.6141037382319879 0.42740640059684776 0.043499999999999546 0.03603603603603561
0 0.613603738231988 0.463067061257508 0.05149999999999943 0.04429429429429378
0 0.6246037382319878 0.5066106048010511 0.03149999999999966 0.039789789789789365
0 0.6543537382319875 0.42440339759384477 0.021999999999999773 0.02102102102102085
0 0.6886037382319871 0.43679078498123197 0.04749999999999954 0.03828828828828786
0 0.6676037382319874 0.4093883825788299 0.034499999999999545 0.021021021021020766
0 0.700853738231987 0.40338237657282394 0.020999999999999772 0.028528528528528274
0 0.7216037382319868 0.4060100042004516 0.022499999999999774 0.03528528528528494
0 0.7551037382319864 0.4048838780743254 0.04649999999999955 0.03453453453453411
0 0.7480662735820225 0.43934666483661367 0.04680945796612855 0.036651411477007054
0 0.7642916378463555 0.4180026075647096 0.022973967099940408 0.031045901486405993
0 0.7948757315481512 0.4188649937171097 0.041640315368642065 0.03449544609600662
0 0.8326391899686783 0.4208053625600101 0.04020444242489577 0.036651411477007054
0 0.7967423663750213 0.45314484327501625 0.04479923584488381 0.037513797629407215
0 0.8067934769812453 0.48720909629482284 0.02354831627743897 0.034926639172206744
0 0.7729068755088331 0.5152366462478283 0.03675834735990475 0.0357890253246069
0 0.8073678261587438 0.5176082081669288 0.024697014632435982 0.03449544609600662
0 0.8724092559655167 0.4514396039991677 0.038739500066677125 0.03463902391493545
0 0.8816588557005377 0.48509827818066165 0.02154612644157885 0.03202475795909133
0 0.8819853121617739 0.5176132110064737 0.021328488800754827 0.035619373648377084
0 0.8827255329029972 0.5527630375420377 0.020675575878282757 0.033005107692532794
0 0.9183821455959371 0.4595165287480143 0.037433674221732875 0.03137119147013021
0 0.9279582017921943 0.49072432859590415 0.01958738767416253 0.03169797471461073
0 0.9285022958942544 0.5234026530439565 0.0202403005966346 0.03235154120357176
0 0.9282846582534304 0.5534667115361646 0.01893447475169046 0.03039084173668867