0 0.05544490860617633 0.3886041380692835 0.05702106189589607 0.034241655489647506
0 0.0615387625492492 0.4173323066580555 0.06746766865544956 0.03366128844745011
0 0.01627013325785079 0.4126893703204762 0.022199039364051144 0.034822022531844896
0 0.016923046180322882 0.44344882355693926 0.022634314645699205 0.035982756616239765
0 0.018228872025267066 0.47943158017317894 0.025245966335587573 0.035982756616239765
0 0.06175640019007323 0.4475113928523211 0.0670323933738015 0.03017908619426559
0 0.06349750131666548 0.4768199284832907 0.06616184281050536 0.03540238957404237
0 0.07242064459045074 0.5075793817197537 0.04918610682623096 0.029598719152068194
0 0.12746718201037754 0.4196855180165617 0.056079086207847906 0.03166818985854942
0 0.12713730503268433 0.44783502011305004 0.057398594118620805 0.03342753373957991
0 0.1268074280549911 0.4781837020608265 0.058058348074007254 0.030788517918034133
0 0.12647755107729788 0.507432794082959 0.058718102029393704 0.03386736970983763
0 0.15880549489123374 0.3972538835334225 0.051460808520142794 0.024630814334427365
0 0.18057737541898644 0.42232453383810753 0.05278031643091569 0.029908845977518847
0 0.18090725239667968 0.45091387190485344 0.05475957829707502 0.0325478617990647
0 0.18107219088552629 0.4784036200459554 0.055089455274768225 0.032108025828807056
0 0.1812371293743729 0.5069929581127014 0.055419332252461456 0.035626713590868046
0 0.23616164616029453 0.4251834676447821 0.05376994736399536 0.031228353888291774
0 0.23632658464914116 0.45355288772639923 0.054759578297075055 0.03342753373957991
0 0.23583176918260132 0.4810426358675012 0.05706871714092756 0.030348681947776488
0 0.2356668306937547 0.5089722199788608 0.05673884016323433 0.030788517918034206
0 0.21107105606915957 0.3961920433780712 0.012635681904967356 0.026802961616597485
0 0.2850185126720936 0.40174408542722356 0.04910685467612319 0.027951659971594458
0 0.2850185126720936 0.42873849676965387 0.04795815632112613 0.030631956133254184
0 0.28602362373271606 0.4549671092087528 0.04594793419988133 0.03101485558491989
0 0.28573644914396673 0.48177007082535017 0.04709663255487834 0.02948325777825721
0 0.2890389569145832 0.5095302810711119 0.03934291865864838 0.03216355393991694
0 0.3281782732934249 0.40389276513994793 0.041249999999999946 0.02833333333333326
0 0.32992827329342495 0.4307260984732813 0.039249999999999945 0.028666666666666667
0 0.32992827329342495 0.4572260984732813 0.038749999999999944 0.026999999999999923
0 0.32992827329342495 0.48272609847328113 0.038249999999999944 0.025999999999999922
0 0.32955327329342493 0.5093927651399478 0.038499999999999944 0.028
0 0.3705838221767859 0.4323309670402121 0.040545418154153086 0.028293375908194092
0 0.370730805869864 0.4588495774393879 0.041564499189346064 0.02770966612623071
0 0.37089574435871064 0.4841401457292016 0.04123462221165283 0.02639015821545786
0 0.3728750062248699 0.5105303039446595 0.03529683661317489 0.026390158215457784
0 0.3908658794547609 0.4109484732783675 0.04552302292166479 0.02551048627494265
0 0.4073597283394222 0.43623904156818116 0.03628646754625453 0.02770966612623071
0 0.4083493592725018 0.46043001993235094 0.03628646754625453 0.02770966612623071
0 0.4080194822948086 0.48440108031139184 0.03496695963548166 0.028149502096488352
0 0.407854543805962 0.5105713205417208 0.03463708265778843 0.025950322245200216
0 0.43374988655488 0.4135874890999132 0.03826572941241386 0.026390158215457784
0 0.44480076530760293 0.4379983854492117 0.03793585243472069 0.027709666126230787
0 0.44546051926298935 0.4619694458282526 0.03925536034549355 0.028149502096488428
0 0.4454605192629894 0.48726001411806646 0.03991511430087996 0.02770966612623071
0 0.44859435055107505 0.5118908284524938 0.03364745172470873 0.024190978364169648
0 0.4678921537461285 0.4164464229065878 0.03199806683624263 0.026829994185715425
0 0.4802625404096244 0.4399776473153711 0.032327943813935806 0.026390158215457937
0 0.48108723285385746 0.4643885436646696 0.03265782079162909 0.025950322245200216
0 0.4805924173873176 0.487699850088324 0.03232794381393586 0.024190978364169724
0 0.48125217134270404 0.5114509924822361 0.0316681898585494 0.025950322245200216
0 0.502959883922758 0.41979265536622024 0.03699999999999994 0.023
0 0.5152098839227581 0.44212598869955355 0.037999999999999944 0.026333333333333257
0 0.5153348839227581 0.4646259886995534 0.03574999999999994 0.02466666666666659
0 0.5144598839227581 0.48812598869955337 0.03699999999999994 0.027
0 0.5184598839227581 0.5126259886995534 0.028 0.023999999999999924
0 0.5410848839227581 0.42129265536622024 0.03924999999999989 0.024
0 0.5465848839227581 0.44412598869955355 0.029749999999999888 0.02366666666666659
0 0.5473348839227581 0.4674593220328867 0.030249999999999885 0.02433333333333326
0 0.546834883922758 0.48912598869955337 0.028249999999999886 0.021666666666666667
0 0.546834883922758 0.51229265536622 0.028249999999999886 0.02466666666666659
0 0.577209883922758 0.42362598869955354 0.031 0.025333333333333256
0 0.5770848839227579 0.4454593220328869 0.03225 0.02566666666666659
0 0.577584883922758 0.4676259886995534 0.03175 0.023999999999999924
0 0.5780848839227579 0.4906259886995534 0.03275 0.026
0 0.579834883922758 0.5136259886995534 0.02675 0.025333333333333256
0 0.6061387970532547 0.4255696947218897 0.02725 0.02466666666666659
0 0.6065137970532547 0.4487363613885564 0.027 0.02366666666666659
0 0.6073887970532548 0.46873636138855623 0.02825 0.02566666666666659
0 0.6068887970532547 0.49106969472188955 0.02775 0.022999999999999923
0 0.6062637970532547 0.5134030280552229 0.0265 0.022999999999999923
0 0.6342637970532546 0.42773636138855636 0.028499999999999887 0.02366666666666659
0 0.6347637970532546 0.4485696947218897 0.028499999999999887 0.023333333333333258
0 0.6348887970532546 0.46990302805522294 0.027749999999999886 0.021333333333333333
0 0.6353887970532546 0.4919030280552229 0.028249999999999886 0.021999999999999926
0 0.6372637970532546 0.5137363613885562 0.024499999999999886 0.022333333333333257
0 0.6602637970532547 0.43073636138855637 0.0245 0.021666666666666667
0 0.6620137970532546 0.4507363613885564 0.026499999999999885 0.02166666666666659
0 0.6610137970532546 0.47106969472188953 0.025 0.02166666666666659
0 0.6608887970532547 0.49256969472188955 0.02525 0.022
0 0.6617637970532546 0.5137363613885562 0.024 0.022999999999999923
0 0.6812637970532546 0.4737363613885562 0.014499999999999886 0.018999999999999923
0 0.6808887970532547 0.4939030280552229 0.013749999999999886 0.018
0 0.7002637970532545 0.5145696947218895 0.0225 0.02066666666666659
0 0.6897637970532545 0.4505696947218897 0.012 0.018666666666666592
0 0.7010137970532545 0.4502363613885564 0.011 0.02066666666666659
0 0.7313887970532544 0.4497363613885564 0.04774999999999989 0.022333333333333257
0 0.7308887970532544 0.4702363613885563 0.049249999999999884 0.020666666666666667
0 0.7422637970532544 0.47706969472188954 0.048999999999999884 0.022333333333333257
0 0.7422637970532544 0.49556969472188955 0.049999999999999885 0.022
0 0.7141387970532546 0.4937363613885562 0.01325 0.023
0 0.7477637970532544 0.5154030280552229 0.039 0.022999999999999923
0 0.7347352473869905 0.43070565213240875 0.010446606759553447 0.015379726618231492
0 0.7456171294281921 0.43041546861131 0.010881882041201493 0.019442295913613405
0 0.7579136561347498 0.43114092741405685 0.012840620808617814 0.02205394760350176
0 0.7854448176989897 0.43650932255438296 0.04657445513634241 0.02350486520899532
0 0.7854448176989896 0.4556614349468976 0.047009730417990565 0.02408523225119264
0 0.787730012927642 0.47640955670545515 0.04200406467903781 0.02321468168789655
0 0.7884917446705261 0.49759295374566076 0.0417864270382139 0.020893213519106894
0 0.7904504834379422 0.5158745155748794 0.036998398940085164 0.021473580561304363
0 0.8280859834752204 0.4427155751073295 0.03949999999999989 0.02466666666666659
0 0.8284609834752205 0.4620489084406628 0.04024999999999988 0.02066666666666659
0 0.8283359834752205 0.47954890844066267 0.03999999999999988 0.020999999999999925
0 0.8284609834752205 0.4980489084406627 0.03874999999999989 0.020666666666666667
0 0.8318359834752205 0.517382241773996 0.033999999999999884 0.017999999999999926
0 0.8523359834752203 0.44388224177399616 0.0095 0.015666666666666666
0 0.8520859834752204 0.46138224177399617 0.0095 0.019333333333333258
0 0.8519609834752203 0.479382241773996 0.00975 0.017333333333333256
0 0.8524609834752204 0.498382241773996 0.01025 0.018666666666666668
0 0.8619609834752203 0.499382241773996 0.00925 0.018
0 0.8729609834752203 0.49871557510732933 0.01225 0.018
0 0.8630859834752204 0.479882241773996 0.0115 0.018333333333333257
0 0.8627109834752203 0.46121557510732947 0.01125 0.016999999999999925
0 0.8624609834752204 0.4437155751073295 0.01075 0.017333333333333333
0 0.8875859834752202 0.44438224177399616 0.03849999999999989 0.020666666666666667
0 0.8730859834752204 0.4615489084406628 0.0105 0.018333333333333257
0 0.8970859834752203 0.4625489084406628 0.03849999999999989 0.022999999999999923
0 0.8730859834752204 0.479382241773996 0.0115 0.02066666666666659
0 0.8970859834752203 0.482882241773996 0.03849999999999989 0.02033333333333326
0 0.8977109834752203 0.500382241773996 0.03824999999999989 0.02
0 0.9228470601302817 0.4542134896821881 0.030882725042649214 0.019704315364635096
0 0.9316571626731234 0.46924434563341616 0.030693260471835515 0.019451695936883426
0 0.9320360918147511 0.4860435375789063 0.03183004789671827 0.017178121087117765
0 0.9318466272439373 0.5017059420995138 0.03183004789671827 0.015662404520607423
0 0.9024796187677984 0.5181262049033764 0.027661827338814646 0.017178121087117765
0 0.935920115516434 0.519389302042135 0.027093433626373325 0.016672882231614342