0 0.1253083500392644 0.45264779472761646 0.02879861476369746 0.028007806120300745
0 0.12455049175600923 0.4784589101718152 0.028798614763697473 0.026909460782249744
0 0.15297017737807908 0.429857128963058 0.028798614763697487 0.027458633451275204
0 0.1535385710905205 0.4559428307417695 0.02917754390532508 0.026909460782249744
0 0.1533491065197067 0.48257770518950643 0.028798614763697487 0.02416359743712221
0 0.18707380012456296 0.3991034594976297 0.04244006386229102 0.025261942775173206
0 0.18063200471689378 0.42436540227280295 0.03107218961346305 0.026360288113224203
0 0.1815793275709628 0.4515494493895654 0.028419685622069864 0.025811115444198746
0 0.1815793275709628 0.47873349650632796 0.028419685622069864 0.026360288113224287
0 0.21492509203419144 0.4216195389276754 0.03902970158764265 0.026360288113224203
0 0.21530402117581904 0.4485289997099252 0.042061134720663404 0.03075366946542828
0 0.21189365890117062 0.47708597849925144 0.03220897703834586 0.03075366946542828
0 0.21492509203419144 0.3969067688215277 0.015536094806731512 0.026360288113224287
0 0.28426912495204193 0.3897675241241962 0.04054541815415302 0.029655324127377283
0 0.28445858952285574 0.4185990892480352 0.04244006386229102 0.03130284213445382
0 0.28426912495204193 0.44715606803736135 0.042818993003918594 0.030204496796402823
0 0.28370073123960055 0.47461470148863666 0.04168220557903578 0.028007806120300745
0 0.3142590763816992 0.3868461065772637 0.01748347981774083 0.03059728488748734
0 0.31343438393746614 0.416487226312017 0.01715360284004754 0.02868495458201933
0 0.313929199404006 0.4449331396058529 0.016823725862354366 0.027250706852918406
0 0.3127746299820797 0.4736180941878722 0.013854833063115394 0.027250706852918406
0 0.33075292526636035 0.3873241891536306 0.014184710040808568 0.0267726242765514
0 0.34543245077370877 0.3873241891536306 0.01583409492927467 0.0267726242765514
0 0.3601119762810571 0.38660706528908023 0.014844463996195031 0.028206872005652327
0 0.34444281984062913 0.4162481850238335 0.0435437610555054 0.026294541700184398
0 0.33850503424215106 0.4439769744531189 0.031008435903162934 0.026294541700184398
0 0.33916478819753754 0.4717057638824042 0.03166818985854934 0.031075367463854343
0 0.3714927320114733 0.4394351899776325 0.03166818985854934 0.027728789429285326
0 0.3705031010783937 0.4666858968305509 0.03298769776932227 0.029641119734753335
0 0.392439920094993 0.41218448312471406 0.041894376167039296 0.025816459123817397
0 0.4087688304908074 0.43561052936669664 0.042884007100118936 0.03250961519295527
0 0.40810907653542106 0.4647735665250829 0.04222425314473247 0.029641119734753335
0 0.42295354053161605 0.4069255747846772 0.01781335679543406 0.024860293971083473
0 0.40860389200196084 0.38565090013634623 0.04717240781013078 0.024382211394716472
0 0.4394473894162772 0.38469473498361223 0.015174340973888206 0.023426046241982468
0 0.44175652826012973 0.40788173993741117 0.019792618661593337 0.0267726242765514
0 0.44126171279358994 0.43656669451943053 0.019462741683900105 0.02868495458201933
0 0.44241628221551615 0.4631002775077985 0.017813356795434002 0.02629454170018448
0 0.4556113613232451 0.38445569369542876 0.0145145870185018 0.021035633360147535
0 0.4676518710090477 0.4083598225137782 0.033977328702401964 0.02868495458201941
0 0.4669921170536612 0.4344153229257791 0.035956590568561236 0.03107536746385426
0 0.4676518710090477 0.46238315364324795 0.03529683661317477 0.027728789429285406
0 0.5067422928656946 0.3746550008799055 0.04420351501089181 0.02629454170018444
0 0.5070721698433878 0.4004714600037229 0.0435437610555054 0.026294541700184398
0 0.5017941382002963 0.42891737329755875 0.035626713590868005 0.033465780345689276
0 0.5029487076222225 0.458080410455945 0.033977328702401964 0.03155345004022126
0 0.5364400184568835 0.4043736394716323 0.034999999999999885 0.02644927536231876
0 0.5359400184568835 0.43172871193540024 0.034499999999999885 0.02898550724637673
0 0.5356900184568836 0.45872146555858867 0.03649999999999989 0.027898550724637598
0 0.5373150184568836 0.3703156684571396 0.016249999999999886 0.02355072463768112
0 0.5553150184568835 0.3690475525151106 0.01625 0.02391304347826083
0 0.5724400184568833 0.3690475525151106 0.016499999999999886 0.02463768115942025
0 0.5765650184568833 0.39767074092090765 0.04624999999999989 0.029710144927536066
0 0.5711900184568833 0.4279243641093133 0.033499999999999884 0.03007246376811586
0 0.5698150184568833 0.45672871193540027 0.03274999999999988 0.02681159420289847
0 0.5885159968987018 0.36936119942759027 0.01588754778015425 0.025864183402276024
0 0.6056005517033882 0.3680995319445524 0.016540460702626318 0.027125850885313923
0 0.6081033845728646 0.3972755924898028 0.017628648906746435 0.030595436463667997
0 0.6059270081646241 0.42692477834119236 0.03547493545431678 0.031226270205186903
0 0.6044035446788559 0.45483917140340496 0.03721603658090908 0.02775668462683275
0 0.6445576894108894 0.3914403803807527 0.047009730417990454 0.02775668462683283
0 0.6207263677406583 0.3679418235091727 0.015016997216858044 0.027441267756073376
0 0.6363962778799883 0.3658916138492362 0.014581721935209999 0.026495017143794975
0 0.6473869787416019 0.42014331561986396 0.04788028098128666 0.029018352109870645
0 0.6479310728436619 0.4510541689542914 0.04983901974870287 0.032803354558984255
0 0.6555476063930398 0.36807289721453756 0.015915023948359135 0.02114314775748186
0 0.6714626303413991 0.36793560404728115 0.015157165665103889 0.018671870746867176
0 0.6868092605773166 0.3683474835490503 0.016293953089986643 0.018397284412354366
0 0.7027242845256758 0.36834748354905034 0.01591502394835902 0.020044802419430904
0 0.7179761824761866 0.3687593630508194 0.016104488519172833 0.020868561422969133
0 0.6758203154701163 0.3911381493136087 0.016293953089986758 0.026634874447736975
0 0.6789464808885441 0.41969512810293497 0.016104488519172833 0.02883156512383897
0 0.6797043391717993 0.4498996248993376 0.016104488519172948 0.031577428468966426
0 0.6955246308347514 0.44962503856482483 0.015157165665103889 0.030479083130915508
0 0.6955246308347514 0.419008662266653 0.016672882231614266 0.027458633451275204
0 0.6923984654163237 0.39127544248086504 0.017620205085683325 0.025261942775173206
0 0.7115343870685173 0.3922364946516598 0.019135921652193702 0.024987356440660354
0 0.7292493244396075 0.39251108098617254 0.01667288223161438 0.025536529109685895
0 0.7451643483879667 0.3931975468224544 0.018188598798124758 0.026360288113224203
0 0.7612318329768414 0.3913845641294563 0.014514587018501742 0.027250706852918322
0 0.7766535816839994 0.3921016879940068 0.015339279462734794 0.025338376547450393