0 0.07309151305514908 0.3851922531271753 0.017153602840047525 0.02980816063492964
0 0.07309151305514908 0.41524881510072936 0.017153602840047525 0.03229217402117377
0 0.0732564515439957 0.4435665677039127 0.015504217951581424 0.03229217402117377
0 0.07325645154399568 0.4746167350319644 0.016823725862354307 0.03576979276191567
0 0.09882191731522036 0.3856890558044242 0.03298769776932215 0.03278897669842266
0 0.0979972248709873 0.4177328284869735 0.03331757474701538 0.03229217402117377
0 0.09832710184868053 0.4515154105398939 0.03397732870240182 0.036266595439164426
0 0.0978322863821407 0.4805783671589503 0.032327943813935715 0.0337825820529203
0 0.1252120755306781 0.38643425982029744 0.02111212657236618 0.03328577937567141
0 0.1430254323261121 0.3854406544657997 0.01715360284004751 0.03129856866667612
0 0.12768615286337726 0.42617847400020364 0.018143233773127192 0.037260200793662115
0 0.12735627588568402 0.46020945739174834 0.01946274168390009 0.03974421417990624
0 0.12719133739683744 0.4942404407832931 0.01979261866159331 0.0382538061481598
0 0.1478086485026638 0.42593007266157923 0.023421265416218744 0.04073781953440384
0 0.14830346396920363 0.4626934707779925 0.021771880527752644 0.03875060882540856
0 0.14714889454727734 0.4982148622012837 0.022101757505445845 0.04123462221165277
0 0.1794768383612131 0.3586133098943631 0.03859560639010695 0.0392474115026574
0 0.17865214591698003 0.39413470131765427 0.040244991278573054 0.0387506088254086
0 0.17007534449695624 0.4304012967568187 0.023091388438525512 0.04073781953440384
0 0.16991040600810964 0.4679098988891052 0.02276151146083228 0.04222822756615037
0 0.169745467519263 0.5071573103917626 0.023091388438525512 0.04421543827514574
0 0.20966058182014286 0.3630845339896025 0.023751142393911948 0.037260200793662074
0 0.20982552030898946 0.3986059254128937 0.022101757505445845 0.0337825820529203
0 0.2027331652885852 0.43586612620655574 0.04354376105550526 0.042725030243399215
0 0.20322798075512502 0.4758587417250864 0.04387363803319849 0.04421543827514574
0 0.2010837804001191 0.5136157451959974 0.04354376105550529 0.04520904362964343
0 0.2545840355963675 0.3705220757938067 0.045193145943971384 0.04471224095239446
0 0.25408922012982765 0.41200509934408386 0.04552302292166459 0.04520904362964334
0 0.24600723417634374 0.45448172824885863 0.02869929705931028 0.04073781953440393
0 0.24534748022095726 0.49323233707426717 0.028039543103923818 0.04272503024339913
0 0.2450176032432641 0.5334733539314221 0.027379789148537413 0.03974421417990616
0 0.27379376553083684 0.45529880944954076 0.028143109697427178 0.0471416117073328
0 0.2720707179983413 0.4985479945021397 0.029866157229922693 0.04800659540838477
0 0.2720707179983413 0.5398509662273717 0.029291808052424245 0.05016905466101472
0 0.3052393829988805 0.3772340304295997 0.03130203017366904 0.04411416875365089
0 0.30466503382138194 0.4185370021548317 0.03187637935116749 0.04887157910943682
0 0.3049522084101312 0.46308366275900864 0.03245072852866599 0.049736562810488785
0 0.3042342719382581 0.5061166018863446 0.03216355393991682 0.051899022063118735
0 0.3035686469159424 0.5499220047126104 0.030678558925469588 0.05266108378837573
0 0.37357011145456864 0.3332295884075749 0.056839371244139555 0.05021952479401887
0 0.34837132353633343 0.3817370839472522 0.054186867252746365 0.043371407776652666
0 0.34875025267796106 0.4251084917239049 0.05494472553600161 0.04907817195779118
0 0.347802929823892 0.4701919287548991 0.05683937124413961 0.05021952479401887
0 0.3474240006822644 0.5169873950402349 0.056839371244139555 0.05592628897515743
0 0.33908755956645725 0.5632121849074568 0.0394086307292701 0.05364358330270187
0 0.3891082929719985 0.37999473611902335 0.028430284286176458 0.042816693202072896
0 0.3888211183832492 0.42692010190109325 0.027281585931179395 0.048439087258910794
0 0.4336203542281332 0.4109179034316316 0.06174253658109023 0.04930407095996276
0 0.4327588304618855 0.4574107773631755 0.06231688575858874 0.0583863998210086
0 0.43347676693375864 0.5060661105473493 0.06317840952483653 0.05362898946522267
0 0.4329024177562601 0.5488828037494222 0.062029711169839456 0.0527640057641707
0 0.4591703767962131 0.36405262005163286 0.06290223751018112 0.047936819121563445
0 0.4762221881694549 0.41056274812791177 0.0250093233474214 0.043942084194766515
0 0.43216745815907565 0.5945516670085967 0.06252330836855384 0.05592628897515769
0 0.4756952272827522 0.45700150248311516 0.027379789148537496 0.046202648984141205
0 0.4760251042604455 0.5017137434355098 0.026720035193151033 0.046202648984141205
0 0.47553028879390563 0.5506488071445196 0.027049912170844324 0.04570584630689236
0 0.4758601657715989 0.5975966601445339 0.02507065030468499 0.04918346504763418
0 0.5044283077892584 0.3566802490299836 0.028292893307124017 0.03933210376337903
0 0.5322859258147343 0.35602471396726054 0.02742234274382781 0.03933210376337903
0 0.5594906309177381 0.35536917890453756 0.02698706746217988 0.0367099635124871
0 0.5255391589491895 0.4051898436714843 0.07486734844346649 0.06030922577051455
0 0.5255391589491895 0.46025478894021504 0.07225569675357821 0.061620295895960554
0 0.5248862460267173 0.5146641991462226 0.07269097203522626 0.0642424361468524
0 0.5240156954634212 0.5680903067581459 0.07182042147193005 0.06752011146046738
0 0.5240156954634212 0.6238107870895995 0.07094987090863396 0.0688311815859133
0 0.5790780185919009 0.4061731462655688 0.03133982027866034 0.057031550456899574
0 0.5782074680286048 0.4618936265970225 0.03133982027866045 0.06096476083323751
0 0.5753781786978925 0.5176141069284761 0.030033994433716203 0.059653690707791585
0 0.5749429034162443 0.5736623547912912 0.0317750955603085 0.05768708551962253
0 0.5753781786978924 0.6300383701854678 0.03090454499701241 0.05768708551962253
0 0.6119413023563295 0.3537303412477301 0.07530262372511459 0.057031550456899616
0 0.6071532742582009 0.4065009137969303 0.02742234274382781 0.05244280501783876
0 0.6073709118990249 0.4618936265970225 0.03046926971536436 0.05572048033145365
0 0.6073709118990249 0.5172863393971145 0.03221037084195655 0.05768708551962262
0 0.6062827236949048 0.5749734249167372 0.0317750955603085 0.05768708551962262
0 0.6051945354907846 0.6290550675913834 0.03221037084195655 0.05703155045689966
0 0.6343579793612047 0.41108965923599117 0.030469269715364247 0.05637601539417661
0 0.6648272490765691 0.35602471396726054 0.03221037084195655 0.05768708551962257
0 0.6648272490765691 0.4094508215791837 0.03221037084195655 0.05572048033145361
0 0.6950788811511093 0.3645466697826593 0.028292893307124017 0.045887454390608894
0 0.6957317940735813 0.4114174267673527 0.030469269715364247 0.04785405957877786
0 0.6692259239024918 0.4691874074243856 0.08149999999999989 0.06400602409638545
0 0.6694759239024918 0.5203922267014939 0.08099999999999989 0.06249999999999992
0 0.6687259239024917 0.572350058026795 0.08149999999999989 0.06400602409638537
0 0.6679759239024918 0.6250609014002888 0.08199999999999989 0.07304216867469862
0 0.6697259239024917 0.6834193351352286 0.08349999999999988 0.07680722891566248
0 0.7257259239024918 0.469563913448482 0.03149999999999989 0.058734939759036056
0 0.7567259239024918 0.353223552002699 0.07849999999999989 0.05798192771084325
0 0.7567259239024918 0.4059343953761928 0.07949999999999989 0.05798192771084329
0 0.8104759239024916 0.3543530700749881 0.029999999999999888 0.057228915662650516
0 0.8102259239024916 0.405181383328 0.030499999999999885 0.05195783132530112
0 0.8404759239024916 0.35171752790631344 0.03 0.050451807228915575
0 0.8689759239024916 0.35284704597860256 0.029999999999999888 0.05120481927710835
0 0.8404759239024916 0.4055578893520964 0.032 0.057228915662650516
0 0.8687259239024916 0.4036753592316145 0.028499999999999887 0.05346385542168666
0 0.8977259239024914 0.4036753592316145 0.0305 0.05647590361445774
0 0.8972259239024915 0.45939825079787955 0.0295 0.0549698795180722
0 0.7251131712846614 0.5252889133856212 0.03221037084195643 0.05572048033145356
0 0.7255484465663095 0.5813371612484363 0.03221037084195655 0.061620295895960554
0 0.7251131712846614 0.637713176642613 0.03221037084195643 0.060309225770514466
0 0.7255484465663093 0.692450354379982 0.03133982027866034 0.05309834008056172
0 0.7560177162816738 0.46366861748966065 0.03133982027866045 0.06096476083323751
0 0.7553648033592016 0.5210279354779218 0.0317750955603085 0.058998155645068544
0 0.7558000786408497 0.5803538586543517 0.03264564612360459 0.058342620582345496
0 0.7562353539224977 0.63705764157989 0.0317750955603085 0.058998155645068544
0 0.7555824410000257 0.6937614245054281 0.033080921405252636 0.0596536907077915
0 0.785834073074566 0.46465192008374523 0.0317750955603085 0.05768708551962253
0 0.7864869859970381 0.5207001679465603 0.030469269715364247 0.05834262058234558
0 0.7864869859970381 0.5787150209975443 0.030469269715364247 0.058998155645068544
0 0.7864869859970381 0.636402106517167 0.029598719152068156 0.06030922577051455
0 0.7851811601520938 0.692450354379982 0.02959871915206827 0.057031550456899574
0 0.8167386180715782 0.48005699405773533 0.030033994433716203 0.06096476083323751
0 0.8163033427899302 0.5364330094519119 0.030904544997012295 0.053098340080561635
0 0.8165209804307542 0.5875647443443047 0.03133982027866034 0.053098340080561635
0 0.8160857051491062 0.6380409441739744 0.03221037084195643 0.05572048033145356
0 0.8158680675082821 0.6911392842545361 0.031775095560308386 0.05440941020600764
0 0.8461196995828225 0.4816958317145427 0.03133982027866045 0.05637601539417661
0 0.8465549748644705 0.5341386367323815 0.03133982027866045 0.05637601539417661
0 0.8465549748644705 0.5872369768129432 0.03133982027866045 0.05506494526873069
0 0.8463373372236465 0.6380409441739744 0.030033994433716203 0.05178726995511571
0 0.8469902501461186 0.6908115167231746 0.03046926971536436 0.05506494526873069
0 0.8765889692981869 0.4826791343086272 0.029598719152068156 0.05572048033145365
0 0.8757184187348905 0.53381086920102 0.030469269715364247 0.05572048033145365
0 0.8761536940165386 0.5865814417502202 0.03046926971536436 0.05637601539417661
0 0.8757184187348905 0.6383687117053359 0.029598719152068156 0.05244280501783868
0 0.8755007810940665 0.6872060738781982 0.030033994433716203 0.05178726995511571