0 0.8304981105213638 0.6524457162807346 0.3386666666666662 0.3699999999999995
0 0.8304500289603002 0.8271087247090152 0.3385705035445394 0.3313260168565613
0 0.5897598748491178 0.5134401736973583 0.34473802306526424 0.21937874195062268
0 0.5880187737225258 0.6492460615715534 0.16714570815285537 0.1375469890007872
0 0.4707846311986479 0.6035421569985069 0.07660844957005876 0.11055992153860746
0 0.33504497824819673 0.4370530782230817 0.22129461871051748 0.13186734128640426
0 0.35828596560135617 0.5245857099390568 0.15258213436204632 0.07805940317528524
0 0.26077486648918746 0.5060181819993046 0.05456579639437416 0.06820724549296767
0 0.1780210856376709 0.40016315150978143 0.17527084674361912 0.10185441590564624
0 0.18759714183392828 0.4682837330877029 0.0969212960469682 0.0517977585161193
0 0.12056474846012691 0.4574018510465014 0.04410789520700348 0.04831555626293476
0 0.06049675959269452 0.43585572460492233 0.08531395520301992 0.043527528164806144
0 0.06049675959269452 0.38122867675809075 0.11897524365046995 0.0796553765415951