0 0.43880128782961186 0.4784154308278042 0.15966907134458738 0.169027685870434
0 0.3431721497761089 0.502131050018809 0.03388660147241245 0.12332121979322493
0 0.3049779294724576 0.5008374707902088 0.06202971116983974 0.13625701207922744
0 0.2653478362250601 0.5111861046190108 0.02527136380993471 0.1052111105928212
0 0.2369175519388835 0.5154980353810117 0.03503529982740946 0.1034863382880208
0 0.2145179340164414 0.5189475799906124 0.021250919567445067 0.08623861524001732
0 0.1921183160939993 0.5154980353810117 0.0292918080524243 0.08968815984961812
0 0.1599547621540824 0.5185163869144123 0.025845712987433187 0.08020191217321614
0 0.13802495898392067 0.5205734312490707 0.018091999091203233 0.06554134758241321
0 0.12409699142958164 0.5242385723967714 0.010912634372471799 0.06166060989661238
0 0.10701010339900081 0.5261789412396718 0.01177415813871957 0.05433032760121091
0 0.09868204032527234 0.5302752754635727 0.004881968008737388 0.05131197606781032
0 0.09121550101779163 0.5300596789254727 0.00947676142872551 0.04915601068680989
0 0.0826002633553139 0.5341560131493734 0.0066050155412329305 0.04700004530580945
0 0.07743112075782728 0.531353258154073 0.0066050155412329305 0.044844079924809016
0 0.07125686709971822 0.5343716096874735 0.005743491774985159 0.044844079924809016
0 0.06379032779223752 0.5341560131493734 0.006317840952483664 0.0366514114770074