0 0.06464180982768343 0.4158061481531647 0.041927489957391574 0.014109734129298768
0 0.06478539712205807 0.4276334252909592 0.0410659661911438 0.011204788867384326
0 0.06406746065018493 0.4392532063386171 0.040778791602394546 0.014524726309572297
0 0.06334952417831179 0.45211796392709536 0.039917267836146776 0.014524726309572297
0 0.06291876229518789 0.4664351941465308 0.03848139489240049 0.013279749768751797
0 0.10254885554258542 0.45128797956654826 0.03963009324739751 0.015354710670119268
0 0.10211809365946152 0.46581270587612056 0.03876856948114974 0.01618469503066624
0 0.14375840902810383 0.440083190699164 0.039917267836146776 0.012034773227931297
0 0.14332764714497995 0.4527404521975055 0.040778791602394546 0.014109734129298768
0 0.14318405985060534 0.4662276980563941 0.040491617013645294 0.013694741949025242
0 0.1480660278593427 0.42867090574164296 0.03359942688366312 0.011619781047657771
0 0.186972642142685 0.41396322517086614 0.041871670149849535 0.01341584388710424
0 0.18621478385942983 0.4271052763255806 0.04225059929147713 0.01286825842232452
0 0.18630951614483673 0.43983663838171005 0.04244006386229094 0.013142051154714339
0 0.18555165786158154 0.4522942077054498 0.04130327643740813 0.01341584388710424
0 0.1851727287199539 0.4668052225221136 0.04130327643740813 0.016153771211003084
0 0.2783541923800651 0.4112125809443309 0.041871670149849535 0.014784807549053662
0 0.27788053095303067 0.4243546320990452 0.04168220557903572 0.01423722208427386
0 0.2768384758135548 0.4385918541833191 0.041113811866594345 0.014237222084273943
0 0.2767437435281479 0.45337666173237284 0.04092434729578053 0.014784807549053662
0 0.2765542789573341 0.4666556092532821 0.04054541815415291 0.016153771211003084
0 0.3182364845363698 0.42490221756382507 0.03940863072927016 0.012594465689934619
0 0.31833121682177673 0.4380442687185394 0.03959809530008397 0.015332393013833464
0 0.31842594910718364 0.4521445944366183 0.03978755987089778 0.014511014816663843
0 0.31852068139259054 0.4667925056194771 0.040734882724966726 0.016427563943392984
0 0.330267484783046 0.4118970627753056 0.03239844160915959 0.011773087492764915
0 0.36569735952522636 0.4121708555076955 0.03694559130869078 0.012320672957544718
0 0.3610554775402883 0.4250391139300199 0.04471363871205654 0.01396342935188404
0 0.36133967439650905 0.43913943964809893 0.04414524499961516 0.015332393013833464
0 0.36200280039435734 0.452965972633788 0.04092434729578053 0.01341584388710424
0 0.36124494211110214 0.46747698745045174 0.03940863072927016 0.016153771211003084
0 0.40459472231418203 0.41196537866815147 0.04113351411574166 0.013209220974868862
0 0.40437708467335803 0.4250173470123671 0.041568789397389706 0.013523726236175253
0 0.4039418093917099 0.43995634692442115 0.040698238834093556 0.014467242020094428
0 0.4035065341100618 0.4537945784219029 0.041568789397389706 0.015096252542707293
0 0.40328889646923777 0.4676328099193846 0.04113351411574166 0.013209220974868862
0 0.4468164246340438 0.41338065234403026 0.0428746152423339 0.013523726236175253
0 0.44790461283816396 0.42533185227367354 0.041568789397389706 0.015410757804013684
0 0.44768697519733996 0.4386983258791956 0.04113351411574166 0.01635427358793286
0 0.4474693375565159 0.4525365573766773 0.041568789397389706 0.015096252542707212
0 0.4472516999156919 0.46747555728873136 0.04200406467903775 0.015410757804013684
0 0.4897998586967897 0.4151104312812155 0.04091587647491758 0.015725263065320075
0 0.49012631515802574 0.42957767330130997 0.04243933996068586 0.015096252542707293
0 0.4904527716192618 0.4432586521681384 0.04265697760150988 0.013523726236175253
0 0.4909968657213219 0.45552435735908803 0.04374516580563005 0.012894715713562469
0 0.4907792280804979 0.4682618204419974 0.0428746152423339 0.011951199929643294
0 0.5343892006750135 0.4154654745547682 0.04471363871205654 0.011499294760375015
0 0.5347681298166411 0.4281968366108977 0.04281899300391842 0.012868258422324438
0 0.5343892006750135 0.4409281986670273 0.04168220557903578 0.01368963661949414
0 0.5339155392479791 0.45475473165271635 0.04187167014984948 0.013963429351883959
0 0.5336313423917584 0.46953953920177 0.04130327643740816 0.015606185746223364
0 0.5824184693763116 0.41395961452662383 0.04338738671635985 0.01286825842232452
0 0.5813764142368357 0.427512354779923 0.04168220557903567 0.01423722208427386
0 0.5812816819514287 0.4405175095684424 0.04149274100822197 0.01341584388710424
0 0.5809027528098011 0.45475473165271635 0.04187167014984959 0.01286825842232452
0 0.5803343590973598 0.4687181610046004 0.04149274100822197 0.015606185746223283
0 0.6237217458137196 0.4272385620475331 0.043008457574732345 0.012594465689934619
0 0.6233428166720921 0.4396961313712728 0.04187167014984959 0.01286825842232452
0 0.6223954938180232 0.4551654207513012 0.0441452449996151 0.015879978478613183
0 0.6228691552450575 0.46967643556796496 0.04395578042880129 0.015879978478613183
0 0.6684481146325834 0.4274382203590342 0.04509256785368405 0.0164275639433929
0 0.6682586500617697 0.44085406424613843 0.04622935527856691 0.015332393013833464
0 0.6679744532055489 0.4553650790628022 0.04566096156612548 0.015879978478613183
0 0.6679744532055489 0.4705605757104407 0.04566096156612548 0.016153771211003
0 0.7473557453951276 0.44454780867499893 0.02111212657236615 0.011679170453011449
0 0.7449641373068518 0.4567036799628272 0.02226669599429249 0.013585973792278602
0 0.7440569756181955 0.47148140584214787 0.02111212657236615 0.013109272957461794
0 0.7692100951673037 0.44502450950981576 0.023256326927372128 0.012632572122645066
0 0.7687152797007638 0.4575379064237565 0.024905711815838345 0.014301025044503857
0 0.7678081180121074 0.47112388021603524 0.024740773326991643 0.013824324209687048
0 0.7899923447619766 0.44514368471851995 0.01797829528428065 0.010487418365969467
0 0.8049192780025949 0.4568228551715315 0.04585289989935779 0.014301025044503857
0 0.8042595240472084 0.472196457094373 0.04783216176551718 0.01739958047081299
0 0.8407255497938747 0.44584887087405456 0.025767181630676646 0.013142051154714339
0 0.8394940300835851 0.45844333656398917 0.025956646201490345 0.01368963661949414
0 0.8371257229484126 0.4715853877187034 0.01705181137324189 0.011499294760375098
0 0.8752081016819862 0.44735473090219885 0.03599826845462167 0.012320672957544718
0 0.8646928180018203 0.458717129296379 0.021030567360331702 0.009856538366035774