0 0.12274219270628511 0.28262756050930715 0.2132848880075493 0.2619471006325151
0 0.2607244569887201 0.2669889276357242 0.1549580002667093 0.28019217231836185
0 0.42395268760674254 0.2708985858541199 0.16279295533637442 0.24630846775893203
0 0.5399414279297708 0.2515771233611073 0.2046217364789026 0.27568796830989883
0 0.7108384708038173 0.2532789009432671 0.15081379836778389 0.25867019248830014
0 0.8639258440213669 0.23512660673356187 0.155360948067315 0.23824886150238167
0 0.9601738459947766 0.23058853318113554 0.08109083630830582 0.24278693505480803
0 0.9556266962952454 0.45295413725002515 0.08715370257434744 0.2064823466353975
0 0.8529368989141665 0.4563576924143449 0.14096164068546638 0.213289456964037
0 0.11048119925526759 0.5247424759583508 0.18455671941877735 0.22806339607308526
0 0.2658744748036249 0.5169231595215593 0.16975735984274337 0.2228505184485576
0 0.12555088839895956 0.7645706732726469 0.1779999999999991 0.2514970059880226
0 0.2770508883989588 0.7518461223744435 0.16499999999999915 0.2470059880239509
0 0.13705088839895951 0.9397203738714486 0.16099999999999917 0.12275449101796339
0 0.2850508883989587 0.9299898349492929 0.15499999999999914 0.13622754491017897
0 0.41555088839895804 0.7750497151888146 0.05599999999999972 0.4461077844311354
0 0.8341096593688178 0.6793239741593834 0.15005594008452863 0.23484530633806194
0 0.9470305435738419 0.6554990880091451 0.10306872652270659 0.2008097546948646
0 0.9390730315996623 0.8568761018980632 0.12049946703757598 0.19286812597811853