0 0.2752639439746878 0.46151142676130047 0.06631259978482956 0.0459767358508152
0 0.2538544474727285 0.5001621992073154 0.01894645708137986 0.040419108440277116
0 0.2544228411851699 0.5370446356590682 0.019325386223007456 0.040419108440277116
0 0.25385444747272856 0.5714008778333038 0.018188598798124702 0.03940863072927012
0 0.27299036912492214 0.4872786083919771 0.02159896107277308 0.041934825006787455
0 0.2737482274081774 0.5251715225547369 0.02235681935602827 0.04294530271779437
0 0.2735587628373636 0.5635696755730001 0.021977890214400646 0.04294530271779437
0 0.296673440476647 0.4807105032704321 0.026525039913931833 0.04698721356182205
0 0.297620763330716 0.5203717534274539 0.02614611077230421 0.04142958615128403
0 0.2989470153264126 0.558012048162462 0.025767181630676646 0.04294530271779437
0 0.33565075792359517 0.3911289223187432 0.0538079381111188 0.058102468382898224
0 0.33697700991929175 0.42902183648150294 0.05494472553600161 0.0570919906718913
0 0.33792433277336076 0.4696935643495317 0.0538079381111188 0.05456579639437405
0 0.3384927264858021 0.509860053362057 0.05342900896949124 0.054060557538870624
0 0.33716647449010556 0.5505317812300858 0.04850293012833242 0.04951340783933938
0 0.3934374520218038 0.36182506869954234 0.059491875235532746 0.06416533464893985
0 0.3940058457342451 0.40855966283361267 0.057597229527394746 0.06568105121545015
0 0.3947637040175003 0.45504163753993127 0.05683937124413961 0.056586751816387885
0 0.3957110268715693 0.4964712236912153 0.05646044210251199 0.05456579639437405
0 0.3938163811634313 0.5373955709869958 0.0519132924029808 0.05153436326135329
0 0.45485817617500507 0.32423985200728894 0.0644207416839128 0.07138514619028172
0 0.4559463643791252 0.3724103165096741 0.0665971180921531 0.06674220985270245
0 0.4568169149424213 0.422902249180849 0.06398546640226471 0.06790294393709724
0 0.4579051031465415 0.4710727136832343 0.0644207416839128 0.06442074168391279
0 0.4555110890974771 0.5209842793122117 0.05963271358578419 0.06442074168391279
0 0.5236316706753985 0.30798957482576134 0.0679029439370973 0.07834955069665069
0 0.5234140330345745 0.3596422415813311 0.06659711809215316 0.07602808252786106
0 0.5249374965203426 0.4121654589001969 0.06790294393709724 0.07080477914808436
0 0.5253727718019907 0.46178684100807565 0.06616184281050505 0.06093853943072835
0 0.5258080470836387 0.5096671219893623 0.06267964055732057 0.0638403746417154
0 0.6066351223562702 0.2765944794733404 0.08708752211101045 0.08180949046791898
0 0.6059753684008836 0.33333331963657453 0.08576801420023752 0.08092981852740369
0 0.6079546302670431 0.38479412815671715 0.0831289983786918 0.07125342718173586
0 0.6079546302670431 0.4340557568255714 0.0831289983786918 0.06949408330070529
0 0.6066351223562702 0.4868360732564869 0.07389244300328164 0.07125342718173579
0 0.6353344194155804 0.21985563931010635 0.08378875233407826 0.05805834807400701
0 0.735946897612013 0.19214597318387572 0.11083866450492247 0.07301277106276635
0 0.6953720293557467 0.25372300901994377 0.09434481562026133 0.08356883434894948
0 0.6953720293557467 0.30694316142111683 0.09698383144180718 0.08444850628946472
0 0.6960317833111331 0.36280232964383563 0.09698383144180707 0.08180949046791898
0 0.6976811681995992 0.4182216618962969 0.09500456957564779 0.07301277106276628
0 0.6953720293557467 0.4705621423569547 0.08378875233407826 0.06685506747915952
0 0.795654630574486 0.19346548109464862 0.1114984184603088 0.0967639134566783
0 0.7963143845298726 0.25768153275226235 0.10358137099567159 0.09324522569461727
0 0.7973040154629522 0.3188187326180728 0.10292161704028513 0.09060620987307152
0 0.8006027852398845 0.3830347842756866 0.1068801407726038 0.08532817822998
0 0.7959845075521792 0.4432923122009817 0.09632407748642072 0.08444850628946468
0 0.9411452441754334 0.08911231753518567 0.11479718823724112 0.10292161704028512
0 0.913765455026896 0.16212508859795202 0.12469349756803774 0.10819964868337667
0 0.9144252089822824 0.232059007868915 0.12337398965726482 0.1055606328618309
0 0.9160745938707484 0.2989140753480746 0.12271423570187835 0.09852325733770885
0 0.9190434866699875 0.36444963491646126 0.1286520213003564 0.08884686599204103
0 0.9140953320045891 0.425146998812014 0.1134776803264682 0.08884686599204103