0 0.9043723952008941 0.9395119489817442 0.07312624731687435 0.11894910099091192
0 0.8791264288653065 0.974804539385641 0.07660844957005895 0.045749654227273645
0 0.7633432039469221 0.9512761457830433 0.09924276421575803 0.09542070738831399
0 0.7089337937409144 0.9218656537797959 0.063550191120617 0.11764196801298969
1 0.767572147411665 0.9445918980358835 0.10620716872212711 0.10849203716753493
1 0.7061983326992883 0.8367534273573094 0.053103584361063556 0.0679709148519497
1 0.6278487820026372 0.8439426587358811 0.05658578661424803 0.09019217547662557
1 0.5682160684168528 0.8459033582027642 0.06790294393709757 0.1280990318363665
1 0.5238179896887505 0.8465569246917253 0.05223303379776746 0.11894910099091176
0 0.4667969277928543 0.9223706374112075 0.10185441590564653 0.12156336694675587
0 0.3884473770962032 0.9458990310138056 0.07573789900676274 0.07450657974156
0 0.42283412434640005 0.8962279778527654 0.0626796405573209 0.04574965422727382
0 0.44065390215317357 0.8561911629706389 0.12865202130035702 0.04061548374000649
0 0.34334019373367275 0.9230581179084542 0.1240337436126519 0.1248183158839223
0 0.28099344494965356 0.9280112256816259 0.13261054503267572 0.1426495038673397
0 0.22656374363027174 0.9299924687908943 0.09104604584332958 0.1248183158839223
1 0.2945184010350757 0.8259772055542925 0.06465588762787172 0.08519345369855012
1 0.34202068582289985 0.8319209348820983 0.06201687180632598 0.07132475193366986
1 0.27604529028425523 0.8036882205750208 0.25994305842225984 0.10005277701806473
0 0.24833562415802446 0.7997257343564834 0.2018847103482526 0.08222158903464714
1 0.10839132989660488 0.8117231145586438 0.05499999999999992 0.07882882882882866
0 0.0928913298966049 0.8815429343784635 0.13399999999999979 0.07432432432432415
0 0.06489132989660495 0.8488852767208059 0.08399999999999985 0.0660660660660659
0 0.08239132989660493 0.7783147061502355 0.08799999999999984 0.05555555555555555
1 0.020891329896605037 0.7899513427868722 0.041999999999999926 0.09534534534534508