0 0.036848340252678226 0.26626240812038693 0.07125342718173608 0.10401526323660171
0 0.03717821723037145 0.33213874150356804 0.07191318113712251 0.09708091235416157
0 0.03684834025267823 0.39652914255479765 0.07389244300328185 0.09708091235416157
0 0.031240431631893446 0.463396097492613 0.0613571178509394 0.08618407525318429
0 0.12690475516292798 0.13847222757256195 0.10885940263876345 0.11392147878294473
0 0.12690475516292798 0.2127688441701346 0.11149841846030924 0.11194023567367616
0 0.12723463214062122 0.28904670387697584 0.10951915659414989 0.11194023567367613
0 0.12723463214062122 0.3613620773652799 0.11215817241569567 0.10203402012733313
0 0.12624500120754154 0.43714462629480405 0.11545694219262789 0.09708091235416157
0 0.16747962341919437 0.055260016983280584 0.11347768032646857 0.09014656147172148
0 0.20277646003236918 0.12509883658499887 0.045523022921664734 0.07924972437074418
0 0.20242437076318043 0.20365917765055172 0.04486326896627827 0.08024034592537843
0 0.20275424774087367 0.2774604834708072 0.045523022921664706 0.07726848126147554
0 0.20143473983010074 0.35571958628691713 0.045523022921664706 0.08519345369855
0 0.20572314054011265 0.43397868910302695 0.0395852373231867 0.06736226571513254
0 0.24431874693021968 0.05754249834199218 0.04420351501089181 0.07924972437074418
0 0.24332911599714 0.13233442571688198 0.050141300609369804 0.08618407525318429
0 0.24431874693021968 0.2061357315371375 0.04684253083243763 0.08123096748001275
0 0.24431874693021968 0.28290890202129587 0.04684253083243763 0.08420283214391568
0 0.24398886995252647 0.3581961401735029 0.0435437610555054 0.082221589034647
0 0.246298008796379 0.43447399988034413 0.04024499127857314 0.07231537348830401
0 0.28489361518648604 0.058533119896626476 0.0435437610555054 0.08717469680781857
0 0.28489361518648604 0.13679222271273633 0.0435437610555054 0.0812309674800128
0 0.28489361518648604 0.21059352853299185 0.04486326896627827 0.08222158903464706
0 0.2845637382087929 0.28538545590788167 0.042884007100118936 0.08321221058928138
0 0.28489361518648604 0.35968207250545425 0.0435437610555054 0.08519345369854991
0 0.2944600475395895 0.440913039985467 0.03760597545702734 0.07132475193366977
0 0.32381909855428637 0.0664580923337009 0.0435437610555054 0.08321221058928137
0 0.32376225688851934 0.1416450707927956 0.04552302292166468 0.08618407525318426
0 0.32475188782159903 0.21643699816768538 0.04486326896627827 0.08321221058928137
0 0.3231025029331329 0.29073361476525805 0.045523022921664734 0.08519345369854996
0 0.32376225688851934 0.3645349205855135 0.04024499127857314 0.08618407525318429
0 0.32904028853161094 0.444775266510892 0.03364745172470873 0.0663716441604982
0 0.36334749421170603 0.07230156196839446 0.042884007100118936 0.08816531836245288
0 0.3633474942117061 0.1475888001206014 0.041564499189346064 0.08222158903464706
0 0.3640072481670925 0.22089479516353974 0.042884007100118936 0.08618407525318425
0 0.3636773711893993 0.29667734409306384 0.04618277687705114 0.08321221058928134
0 0.3633474942117061 0.36948802835868505 0.04420351501089181 0.08222158903464706
0 0.36730601794402473 0.44824244195211205 0.032327943813935806 0.06736226571513254
0 0.40227297757950636 0.07973122362815173 0.045523022921664734 0.08123096748001277
0 0.4019431006018131 0.15204659711645577 0.04486326896627827 0.07924972437074415
0 0.4029327315348928 0.22584790293671125 0.04552302292166468 0.08024034592537846
0 0.4026028545571996 0.3001445195342839 0.04486326896627827 0.08420283214391568
0 0.4029327315348928 0.3724598930225879 0.042884007100118936 0.08420283214391572
0 0.4045821164233589 0.44626119884284343 0.03694622150164093 0.07726848126147558
0 0.4428478458357727 0.08369370984668893 0.03694622150164093 0.07726848126147555
0 0.4421880918803863 0.15551377255767582 0.04222425314473247 0.08024034592537846
0 0.44152833792499985 0.22931507837793133 0.04222425314473247 0.08123096748001275
0 0.44213214635242365 0.3028360482046999 0.04168220557903584 0.07965477451631203
0 0.4413742880691685 0.37509430794449716 0.043197922145546214 0.08306855056701108
0 0.4406164297859133 0.4524732317603431 0.040166489012525404 0.07624099846561286
0 0.4785093439486731 0.087199194335541 0.03713505587950465 0.08306855056701105
0 0.4792672022319283 0.15945745407533832 0.04471363871205665 0.08193062521677805
0 0.48002506051518357 0.2311467511400191 0.04168220557903584 0.08193062521677805
0 0.47888827309030074 0.3039739735549329 0.04244006386229102 0.08420647591724413
0 0.48002506051518357 0.37850808399519625 0.04168220557903584 0.08079269986654496
0 0.48191970622332153 0.45588700781104224 0.03789291416275984 0.07624099846561294
0 0.5152654706865502 0.09118193306135661 0.042440063862291086 0.07737892381584592
0 0.5160233289698053 0.16457811815138693 0.04395578042880146 0.080792699866545
0 0.5160233289698053 0.23569845254095115 0.04395578042880146 0.08648232661771013
0 0.5160233289698053 0.3090946376309815 0.04395578042880146 0.08534440126747715
0 0.5171601163946882 0.3796460093454293 0.04168220557903584 0.07396514776514682
0 0.5186758329611985 0.4570249331612751 0.040166489012525404 0.08534440126747707
0 0.5539162431325653 0.09573363446228872 0.04244006386229102 0.08193062521677803
0 0.5546741014158204 0.16856085687720251 0.045471496995311785 0.08193062521677802
0 0.5546741014158204 0.24195704196723283 0.045471496995311785 0.08306855056701104
0 0.5539162431325653 0.31023256298121454 0.045471496995311785 0.08534440126747715
0 0.5527794557076824 0.3847666734214779 0.04622935527856703 0.08420647591724405
0 0.5546741014158204 0.45588700781104224 0.037892914162759896 0.09217195336887533
0 0.5914302281536975 0.10028533586322082 0.04471363871205665 0.08420647591724409
0 0.5910512990120699 0.1714056702527851 0.043955780428801404 0.08306855056701105
0 0.5914302281536975 0.24195704196723283 0.04471363871205665 0.08306855056701104
0 0.5910512990120699 0.31535322705726315 0.045471496995311785 0.08420647591724409
0 0.591809157295325 0.387042524121944 0.045471496995311785 0.08420647591724413
0 0.5902934407288146 0.4615766345622073 0.03940863072927027 0.08306855056701112
0 0.6236392051920434 0.10711288796461901 0.043955780428801404 0.07965477451631196
0 0.6240181343336709 0.17766425967906674 0.04168220557903578 0.07510307311537984
0 0.6243970634752984 0.24650874336816495 0.043955780428801404 0.08306855056701104
0 0.6236392051920433 0.3187670031079623 0.045471496995311785 0.08193062521677806
0 0.6232602760504158 0.39045630017264304 0.04471363871205665 0.08420647591724409
0 0.6261013788399337 0.4662961250186212 0.039 0.08108108108108109
0 0.6602768560745065 0.10900859728229687 0.042501839134890244 0.07933952602081623
0 0.6579794593645123 0.18058664793151152 0.04250183913489036 0.07416520910641516
0 0.6594153323082586 0.24957754012352565 0.041927489957391796 0.08451384293521726
0 0.6591281577195093 0.3237427492299408 0.04479923584488438 0.08451384293521731
0 0.6602768560745065 0.39575199295535557 0.04020444242489623 0.08192668447801675
0 0.6614255544295033 0.46905481590937054 0.03331225229491395 0.07847713986841608
0 0.695312155901916 0.1853297717697125 0.037907045714902096 0.07847713986841606
0 0.695312155901916 0.25345827780932645 0.04250183913489036 0.0836514567828171
0 0.6941634575469189 0.32331155615374074 0.042501839134890244 0.07675236756361568
0 0.6947378067244174 0.3944584137267553 0.04135314077989324 0.08278907063041695
0 0.6950249813131667 0.4681924297569704 0.03618399818240664 0.08537622908761751
0 0.7312089794955732 0.18748573715071293 0.03963009324739767 0.07588998141121553
0 0.7332192016168181 0.256045436266527 0.042501839134890244 0.07675236756361573
0 0.7297731065518269 0.3258987146109412 0.04020444242489623 0.07847713986841603
0 0.7289115827855792 0.397907958336356 0.03963009324739767 0.07761475371601588
0 0.730921804906824 0.46603646437596996 0.0459479341998815 0.08278907063041695