0 0.5019795992567445 0.5084937679234158 0.11774158138719605 0.12504599209802558
0 0.41611439722071625 0.5153928571426172 0.06432710787983388 0.10089917983082058
0 0.364710145834599 0.524447911742819 0.049968378442371036 0.08796338754481797
0 0.3261669272112133 0.5280438912636113 0.039029701587642705 0.07510307311538
0 0.29433687931449504 0.5317421486518686 0.029935402188580325 0.06543070763839924
0 0.27008541425032867 0.5348714433650095 0.02311467763928357 0.05917211821211761
0 0.2507600280273211 0.536578331390359 0.018567527939752325 0.05348249146095244
0 0.23446607493733435 0.5380007380781503 0.01856752793975238 0.04949975273513684
0 0.2223403424052512 0.5391386634283833 0.014778236523476351 0.044948051334204694
0 0.1899358855874838 0.5421938570222662 0.00975 0.03566066066066058
0 0.17768588558748383 0.5431322954607046 0.015249999999999972 0.03303303303303295