0 0.5636484425817929 0.9212648401389326 0.10907932062389242 0.1557019334712013
0 0.508861100229163 0.7832534787484351 0.07657989033313546 0.10510589948222844
0 0.4801436413542371 0.6787219284437052 0.0513085265232008 0.07179364718731461
0 0.5161361898108109 0.8490164595720151 0.04671373310321261 0.03560964900490808
0 0.4782291440959088 0.7278287831198282 0.050542727619869464 0.026420062164931778
0 0.46553587285789366 0.6151601132635153 0.03656312365843716 0.05223303379776735
0 0.46060275299921566 0.5716325850987092 0.029018352109870724 0.035692573095140914
0 0.4597322024359195 0.5394222142567526 0.024955782814488885 0.026987067462179767
0 0.46259164240223677 0.5122664586839633 0.028437985067673328 0.02655179218053172
0 0.4652032940921252 0.49028505696073615 0.02669688394108107 0.01915211239251465
0 0.46665421169761867 0.47374459625810983 0.02495578281448881 0.014799359576034078
0 0.4687663672700467 0.4590630298250237 0.024999999999999925 0.013749999999999943
0 0.4697663672700467 0.4478130298250237 0.02166666666666659 0.011749999999999943
0 0.4729330339367133 0.4373130298250237 0.02 0.013249999999999942
0 0.4739330339367133 0.4271880298250238 0.018666666666666668 0.009999999999999943
0 0.47609970060337997 0.41931302982502383 0.019 0.008249999999999943
0 0.47659970060337997 0.41218802982502384 0.018 0.009
0 0.4772663672700467 0.4059380298250238 0.014 0.007499999999999943
0 0.47709970060338 0.4000630298250239 0.015 0.00575
0 0.47509970060337997 0.39593802982502385 0.012333333333333333 0.0045
0 0.4714330339367133 0.3910630298250239 0.010333333333333333 0.00625
1 0.615933033936713 0.4120630298250238 0.027333333333333258 0.022249999999999943
0 0.5890997006033796 0.39906302982502384 0.024999999999999925 0.019249999999999944
1 0.864965633839323 0.4789317112549838 0.06949408330070567 0.03694622150164093