0 0.9098141249201638 0.3157039086356963 0.1705817057170591 0.07045349910648455
0 0.8954553954827008 0.3643321389972374 0.17287910242705323 0.0773456892364668
0 0.9161319658726474 0.42368155400541724 0.09706501099724915 0.06739030349315923
0 0.9181421879938922 0.4749900805286181 0.10223415359473574 0.06585870568649647
0 0.8236617482953864 0.4324882413937279 0.09017282086726698 0.062029711169839706
0 0.8239489228841357 0.4837967679169286 0.08615237662477739 0.062029711169839706
0 0.6970177546569637 0.39190089951716606 0.17000735653956064 0.08040888484979215
0 0.6975921038344622 0.4443581243953639 0.1665612614745695 0.06892190129982184
0 0.6973049292457129 0.4926034553052392 0.16368951558707692 0.06892190129982191
0 0.5766916019710246 0.5048562377585408 0.07409104389730851 0.058200716653182855
0 0.5528561111048362 0.463120197526982 0.12865421575966757 0.06662450458982781