0 0.12194974226888075 0.7375801703357829 0.24027195546973013 0.5223303379776741
0 0.031097639533282994 0.3306865842077284 0.060697363895553094 0.19103323484323978
0 0.19603612837989468 0.532551600408059 0.2084822499021172 0.3387393442581159
0 0.26992857138317666 0.7491872275498773 0.06333637971709888 0.3702499809332894
0 0.3162843564791949 0.5776941649282139 0.036563123658437176 0.2390765726066964
0 0.2579574687383546 0.4243733194521804 0.1497346968869331 0.24687254780039303
0 0.2966969688050321 0.3425155799183658 0.11230102266519987 0.20529401343401102
0 0.3410950475331344 0.4692001768159359 0.03221037084195655 0.17281078346027515
0 0.2018069574057547 0.21063366622499793 0.06529129224720921 0.09485103152330894
0 0.2357584293743035 0.1917933928402311 0.05832688774084022 0.09615036072225833
0 0.028567395309826264 0.20413702023025077 0.056585786614247985 0.09225237312541003
0 0.07078909762968821 0.1911437282407564 0.07312624731687432 0.0948510315233089
0 0.12345740670910366 0.17685110705231258 0.05658578661424798 0.0766604227380168
0 0.15697360339600436 0.15801083366754573 0.0574563371775441 0.06756511834537073
0 0.21169092830207528 0.13174098242519752 0.04299999999999991 0.035820895522388
0 0.19294092830207535 0.1466663555595259 0.029499999999999943 0.047761194029850663
0 0.23794092830207528 0.13174098242519752 0.021499999999999943 0.035820895522388
0 0.25219092830207523 0.12651710182818265 0.02499999999999997 0.04179104477611934
0 0.34944092830207507 0.259726057052063 0.07349999999999988 0.13358208955223855
0 0.3654409283020751 0.22353202720131676 0.06249999999999989 0.1044776119402983
0 0.378440928302075 0.19069620630579445 0.051499999999999886 0.07313432835820881
0 0.387440928302075 0.14927829585803334 0.043499999999999886 0.012686567164179083
0 0.39669092830207503 0.13547232570877962 0.03699999999999994 0.019402985074626844
0 0.405940928302075 0.12166635555952593 0.033499999999999946 0.011194029850746247
0 0.4504409283020749 0.19144247496251088 0.04749999999999989 0.0865671641791043
0 0.4506909283020749 0.14144247496251097 0.03599999999999994 0.02089552238805966
0 0.4509409283020749 0.12241262421624234 0.031499999999999945 0.012686567164179083
0 0.623228675179047 0.4018751920999504 0.14778236523476357 0.23414427557287448
0 0.6236076043206746 0.549487887569806 0.14399307381848758 0.2239640896784017
0 0.5788939656086179 0.3057289919854849 0.10306872652270692 0.17306316020603774
0 0.5391064057377201 0.41884216859073825 0.031072189613463138 0.11650657190341097
0 0.891967893146578 0.2627353965705062 0.06669152892645741 0.06560564243104695
0 0.8525592624173077 0.2519896447930071 0.02122003193114551 0.05768772006867923
0 0.843843892159873 0.23445710241919285 0.07199653690924379 0.06108111536683683
0 0.8006459700143267 0.22767031182287764 0.018946457081380003 0.054294324770521624
0 0.9810162414290637 0.15923683997669938 0.03561933931299427 0.08031035538972991
0 0.9795005248625533 0.2152278623962998 0.040166489012525515 0.05881885183473175
0 0.939334035850028 0.1547123129124892 0.056839371244139784 0.0667367741970995
0 0.9347868861504967 0.20052314943761684 0.05229222154460865 0.0497697977063115
0 0.8931046805714609 0.15075335173130536 0.04319792214554616 0.056556588302626686
0 0.8923468222882056 0.19203966119222288 0.04622935527856703 0.04863866594025894
0 0.8582431995417218 0.14396656113499018 0.032587906179973515 0.0497697977063115
0 0.8548328372670734 0.18185947529775007 0.03183004789671827 0.046376402408153876
0 0.8127717025464098 0.12473732111209708 0.041682205579035896 0.042983007109996293
0 0.832476017911045 0.13717977053867497 0.03561933931299427 0.042983007109996293
0 0.8279288682115139 0.17054815763722472 0.026525039913931892 0.03958961181183866
0 0.8044352614306026 0.16319580115788326 0.034103622746483896 0.04750753417420644
0 0.7824573712162021 0.12417175522907083 0.031072189613463138 0.03958961181183866
0 0.7782891506582985 0.1552778787955155 0.025767181630676646 0.03619621651368108
0 0.7472169610448354 0.11625383286670307 0.04244006386229102 0.044114138876048814
0 0.745701244478325 0.1518844834973579 0.04092434729578065 0.03845848004578616
0 0.7100819051653307 0.11795053051578187 0.037892914162759896 0.045245270642101335
0 0.7062926137490547 0.1484910881992003 0.037892914162759896 0.031671689449470956
0 0.6740836367107088 0.11399156933459802 0.040166489012525404 0.03958961181183868
0 0.6721889910025707 0.14113873171985883 0.03486148102973914 0.030540557683418436
0 0.6377064391144592 0.10777034462130906 0.03561933931299427 0.03619621651368107
0 0.6388432265393421 0.1349175070065699 0.03486148102973914 0.029409425917365895
0 0.6085288952091341 0.10890147638736161 0.03486148102973914 0.040720743577891204
0 0.5770777764540435 0.10494251520617774 0.026525039913931892 0.0373273482797336
0 0.49362451749402725 0.1405711136252302 0.035619339312994214 0.06447451066499438