0 0.8915705792594979 0.4843510494810068 0.21959834029091363 0.06529129224720918
0 0.8889563133036538 0.5465954147566795 0.21698407433506936 0.06616184281050527
0 0.9471237308211872 0.6210274879184978 0.10587777121169047 0.06529129224720907
0 0.9464701643322262 0.6797896509409861 0.1045706382337684 0.060938539430728494
0 0.944509464865343 0.7363754375552339 0.10587777121169047 0.0626796405573208
0 0.8007248372939116 0.622333313763442 0.19214854775454934 0.06442074168391299
0 0.7987641378270286 0.6802249262226342 0.1934556807324715 0.060067988867432406
0 0.7987641378270286 0.7363754375552339 0.1960699466883157 0.0626796405573208
0 0.7693536458237812 0.5143850439147231 0.045749654227273645 0.05919743830413631
0 0.7700072123127423 0.5661828024308422 0.0444425212493515 0.05832688774084022
0 0.7275253905302739 0.5126439427881307 0.045749654227273645 0.0626796405573208
0 0.7281789570192349 0.5674886282757864 0.04967105316104 0.06093853943072861
0 0.5209983800185813 0.5126439427881307 0.3803756965753323 0.0626796405573208
0 0.5209983800185813 0.5692297294023787 0.3829899625311766 0.05919743830413631
0 0.5223055129965034 0.622333313763442 0.3803756965753324 0.0626796405573208
0 0.5203448135296203 0.6776132745327458 0.3842970955090987 0.06180908999402459
0 0.5026985183276719 0.7363754375552339 0.3542330370168903 0.0591974383041362