0 0.9665860318348138 0.2315488875561627 0.06533333333333319 0.07599999999999975
0 0.9755860318348136 0.28654888755616253 0.0499999999999997 0.07499999999999975
0 0.9149193651681471 0.2535488875561626 0.06999999999999985 0.07599999999999978
0 0.9302526985014804 0.30254888755616255 0.0779999999999997 0.07699999999999972
0 0.9445860318348138 0.3550488875561623 0.07733333333333318 0.07799999999999972
0 0.9590843139903289 0.41141182604358995 0.0765314588248275 0.08048998255714633
0 0.860559593679746 0.2734132630925626 0.0703737552412208 0.07719121278021407
0 0.874342565532228 0.32179523346224986 0.07887728704312955 0.07638844060730264
0 0.8869782474371953 0.37635840532460896 0.08270628155978632 0.07523974225230558
0 0.9003797282454941 0.4340804976632097 0.08194048265645491 0.07466539307480702
0 0.8050377647807405 0.2942264729423211 0.0658587056864964 0.07064494883231748
0 0.8172905472340423 0.3450563751509398 0.07045349910648459 0.06892190129982191
0 0.8264801340740183 0.3950247535933107 0.07504829252647278 0.07696278978480109
0 0.8360526203656603 0.44843922710067263 0.06662450458982781 0.07581409142980408
0 0.9624094394153339 0.4564801155856518 0.06509290678316514 0.03560964900490796
0 0.9095693150854705 0.4745721146768551 0.06662450458982781 0.04767098173237685
0 0.8529001962389502 0.4909410662355628 0.06968770020315318 0.05513752103985746
0 0.7537292382575398 0.3298361219472291 0.06126391226650837 0.07179364718731449
0 0.7659820207108414 0.3757840561471104 0.06739030349315923 0.06949625047732036
0 0.7763203059058148 0.4303472280094694 0.07121929800981601 0.0729423455423115
0 0.7885730883591163 0.478879733508094 0.07581409142980404 0.07811148813979821
0 0.7081464312792126 0.3457651130458775 0.05896651555651427 0.06892190129982186
0 0.7165702192158575 0.3954463168994991 0.06356130897650246 0.06605015541232934
0 0.7234624093458396 0.44828644122936256 0.06662450458982781 0.0729423455423115
0 0.7322690967341502 0.4939472008404946 0.06432710787983373 0.06892190129982197
0 0.6613948351272922 0.3646012699828236 0.0551375210398575 0.06834755212232335
0 0.6709673214189342 0.4116979025377019 0.06509290678316522 0.06719885376732634
0 0.6782424110005821 0.460804757213825 0.0643271078798338 0.07236799636481299
0 0.684368802227233 0.5090500881237003 0.0643271078798338 0.06892190129982191
0 0.6192758954440678 0.3841291420177731 0.0551375210398575 0.06490145705733226
0 0.6284654822840441 0.42892837786265736 0.06279551007317105 0.06375275870233525
0 0.6315286778973694 0.478609581716279 0.06126391226650829 0.06547580623483083
0 0.6376550691240203 0.5248446905049096 0.05820071665318293 0.059157965282347104
0 0.5769665068132928 0.39497326597147686 0.049011129813206634 0.06260406034733824
0 0.5830928980399436 0.4412083747601074 0.04901112981320671 0.06088101281484262
0 0.5865389931049346 0.48830500731498566 0.05743491774985159 0.06547580623483076
0 0.5938140826865825 0.5359759890473625 0.05360592323319482 0.06317840952483675
0 0.538676561646725 0.3981321864477187 0.06126391226650837 0.05628621939485453
0 0.5356133660333996 0.4423570731151044 0.04901112981320671 0.062029711169839685
0 0.5394423605500563 0.48773065813748717 0.05360592323319482 0.06202971116983974
0 0.545951651228373 0.5333914177486192 0.05437172213652616 0.06145536199234118
0 0.5490148468416983 0.5692882413422765 0.04824533090987529 0.03560964900490796
0 0.5961114793965766 0.5810623994809959 0.05360592323319482 0.05800926692735015
0 0.4932519039160352 0.41288402900153215 0.039464958869424284 0.05658578661424803
0 0.49528318856372605 0.454017543117274 0.037723857742832025 0.05789161245919217
0 0.49760465673251575 0.49972144769032045 0.037723857742832025 0.05789161245919223
0 0.5070590742335402 0.5798132105645365 0.041786427038213864 0.0317750955603085
0 0.46846466592741215 0.5896069044016179 0.03656312365843716 0.033080921405252636
0 0.43306227635336986 0.5994005982386992 0.03888459182722681 0.03090454499701241
0 0.39911080438482105 0.6076708285900124 0.038304224785029345 0.030033994433716203
0 0.365449515937371 0.61942326119451 0.03714349070063463 0.024810691053939536
0 0.45876449716083334 0.4253698369394382 0.041999999999999926 0.05849999999999994
0 0.4610978304941667 0.4673698369394381 0.04133333333333326 0.06149999999999989
0 0.46276449716083334 0.5121198369394381 0.03666666666666659 0.055999999999999946
0 0.4660978304941667 0.5546198369394381 0.03799999999999992 0.057999999999999885
0 0.4237644971608335 0.4388698369394382 0.03599999999999992 0.05549999999999989
0 0.42509783049416683 0.4796198369394381 0.039999999999999925 0.057999999999999885