0 0.1144224189667949 0.5203515401048625 0.04831555626293424 0.04705678720519528
0 0.1111578543544345 0.5566244802422007 0.0435275281648056 0.04378895476039004
0 0.10963439086866629 0.5942045533574607 0.03873950006667699 0.04052112231558481
0 0.1087638403053702 0.6311310599837597 0.03873950006667701 0.04248182178246798
0 0.10898147794619421 0.6680575666100589 0.03917477534832506 0.04052112231558489
0 0.1638261634338493 0.5157765746821352 0.052233033797766754 0.04444252124935107
0 0.16208506230725708 0.554990564019798 0.056585786614247326 0.04705678720519528
0 0.16273797522972916 0.5922438538905775 0.056150511332599254 0.04705678720519528
0 0.1623026999480811 0.6308042767392793 0.05702106189589537 0.04574965422727313
0 0.16186742466643306 0.6680575666100589 0.05702106189589537 0.04574965422727313
0 0.22213011606980002 0.5069875164884845 0.06366009579343586 0.04608597668443711
0 0.2156883206621309 0.5448235343837324 0.051534363261352835 0.0489307900600197
0 0.21379367495399293 0.5840819589667713 0.051534363261352835 0.04437908865908763
0 0.21493046237887573 0.6247627902376016 0.05077650497809765 0.04836182738490315
0 0.21379367495399293 0.6640212148206407 0.05077650497809765 0.046085976684437195
0 0.27821162903068397 0.4964617069988292 0.040166489012524946 0.04437908865908763
0 0.2679805422067389 0.5365735755945429 0.057597229527394316 0.050637678085369175
0 0.2668437547818561 0.5778233695404897 0.058355087810649506 0.050068715410252713
0 0.2666542902110423 0.6193576448239949 0.05797615866902194 0.05006871541025263
0 0.2666542902110423 0.6623143267952912 0.058734016952277104 0.04836182738490315
0 0.3331563545666852 0.4853669348340573 0.07199653690924293 0.050637678085369175
0 0.3259567008757609 0.5260477661048876 0.06366009579343586 0.05234456611071874
0 0.3253883071633195 0.5704268547639753 0.06479688321831861 0.050068715410252713
0 0.3244409843092505 0.6136680180728298 0.06517581235994624 0.05234456611071866
0 0.3233041968843677 0.6563402187065679 0.06214437922692542 0.050068715410252713
0 0.4165207657247559 0.47284975598149404 0.08184869459156038 0.05177560343560228
0 0.3941639463687278 0.5166598819654652 0.07502797004226369 0.05518937948630133
0 0.39283769437303123 0.5627458586499023 0.07692261575040163 0.05405145413606831
0 0.39207983608977603 0.6062715032963152 0.07843833231691201 0.05348249146095167
0 0.3894273320983829 0.6509350732929611 0.07616475746714645 0.05405145413606831
0 0.46506506727130725 0.48703022832541454 0.07399999999999898 0.058558558558557704
0 0.4658150672713073 0.5332013994965851 0.07449999999999891 0.062312312312311456
0 0.4648150672713073 0.5801233214185063 0.07149999999999898 0.058558558558557704
0 0.5398150672713061 0.47501821631340274 0.0784999999999988 0.06306306306306213
0 0.5388150672713062 0.5215647628599486 0.07949999999999892 0.06156156156156071
0 0.5380650672713062 0.570738937034122 0.08099999999999886 0.06081081081080987
0 0.627315067271305 0.461129327424514 0.09949999999999852 0.06531531531531429
0 0.627565067271305 0.5114296277248136 0.10199999999999852 0.06381381381381288
0 0.627065067271305 0.5617299280251131 0.10099999999999852 0.06381381381381296
0 0.6890907176043308 0.4570533032311856 0.02655179218053138 0.052285319116883604
0 0.6895259928859789 0.5077047061256665 0.02655179218053138 0.05555315156168876
0 0.6890907176043308 0.5619507247094333 0.028292893307123562 0.05686028453961082
0 0.7132484957357981 0.4590140026980687 0.027857618025475518 0.05097818613896146
0 0.7128132204541501 0.5083582726146276 0.027857618025475518 0.054246018583766695
0 0.7104192064050857 0.5622775079539137 0.01958738767416253 0.057513851028571844
0 0.7378415491489132 0.4609747021649519 0.025681241617235173 0.05359245209480567
0 0.7613464143579081 0.46391575136527663 0.025681241617235288 0.052938885605844636
0 0.7852865548485513 0.46522288434319864 0.025681241617235288 0.052938885605844636
0 0.8088689277343155 0.4667147975300002 0.027709666126230333 0.051512320840983006
0 0.8329499471059205 0.4694390068052445 0.027709666126230333 0.052007631618300174
0 0.8560413355444458 0.47042962835987884 0.025730404260071053 0.054979496282203076
0 0.8560413355444458 0.5209513276462275 0.025730404260071053 0.04903576695439727
0 0.8799574164272042 0.5207036722575691 0.026720035193150693 0.052502942395617334