0 0.1550758937604164 0.23319489345837197 0.1876207313161819 0.2929180805242431
0 0.16177663416456572 0.5232412280951226 0.17804824502453995 0.30440506407421347
0 0.1675201259395509 0.8118516897881268 0.18187723954119675 0.30153331818672086
0 0.32929514426829953 0.2188361640209091 0.19144972583283865 0.30440506407421347
0 0.3398248791891057 0.5088824986576597 0.19336422309116705 0.30440506407421347
0 0.3455683709640908 0.8075440709568881 0.1895352285745103 0.3101485558491986
0 0.5217021187303025 0.2030415616396999 0.20102221212448068 0.30727680996170603
0 0.529360107763616 0.5045748798264208 0.1895352285745103 0.30727680996170614
0 0.5322318536511085 0.8061081980131416 0.19527872034949542 0.30727680996170603
0 0.7150663418214694 0.18293934042725188 0.19719321760782388 0.3130203017366912
0 0.7198525849672904 0.48878027744521163 0.19910771486615222 0.31589204762418377
0 0.727510574000604 0.8018005791819028 0.19527872034949542 0.31589204762418377
0 0.9036443217668155 0.16714473804604268 0.18379173679952515 0.3273790311741541
0 0.9074733162834722 0.48016503978273384 0.18379173679952507 0.32163553939916895
0 0.910345062170965 0.797492960350664 0.17421925050788312 0.32450728528666156