0 0.13511200660588685 0.8675134934982427 0.07833333333333317 0.11333333333333308
0 0.13927867327255353 0.7619579379426874 0.08999999999999982 0.11111111111111086
0 0.1467786732725535 0.665291271276021 0.08833333333333315 0.09555555555555544
0 0.15261200660588684 0.5730690490537989 0.07999999999999986 0.0888888888888887
0 0.2272721616083359 0.412058701340169 0.08906678397717016 0.09383167365496117
0 0.22287380190575964 0.49122917598654237 0.086867604125882 0.09676391345667873
0 0.22232400694293764 0.5791963700380685 0.07477211494379717 0.09383167365496112
0 0.21847544220318335 0.6700958038913122 0.07147334516686495 0.09676391345667866
0 0.21407708250060703 0.7624613576454146 0.07587170486944123 0.10556063286183139
0 0.20802933790956463 0.8592252711020931 0.07697129479508535 0.11142511246526636
0 0.29709612188673473 0.4223215406461803 0.06377621568735639 0.08796719405152607
0 0.2899487873700483 0.5029581351934126 0.06267662576171233 0.08796719405152607
0 0.28719981255593807 0.5843277896910741 0.07037375524122089 0.09236555375410237
0 0.28500063270465 0.671561923792171 0.07037375524122083 0.09969615325839629
0 0.2822516578905398 0.7617282976949851 0.07147334516686495 0.10409451296097258
0 0.2784030931507855 0.8548269113995168 0.072572935092509 0.10849287266354887
0 0.35152582320611653 0.4340504998530505 0.06267662576171233 0.08210271444809103
0 0.34877684839200634 0.5044242550942714 0.059377855984780105 0.09676391345667866
0 0.3482270534291843 0.5887261493936504 0.06267662576171233 0.08943331395238488
0 0.34602787357789616 0.6744941635938885 0.058278266059136045 0.09089943385324356
0 0.34437848868943005 0.7653935974471321 0.06157703583606827 0.09969615325839629
0 0.343278898763786 0.8555599713499463 0.06377621568735643 0.10116227315925497
0 0.4070551144511424 0.4377157996051974 0.05717867613349199 0.17153602840047585
0 0.40595552452549827 0.5300813533592997 0.059377855984780153 0.15101034978845318
0 0.4081547043767864 0.6275783267664079 0.06377621568735639 0.14367975028415933
0 0.40925429430243054 0.7294736598760923 0.06817457538993267 0.13634915077986534
0 0.4098040892652526 0.841631832291788 0.06707498546428861 0.12901855127557155
0 0.5692446284836437 0.8665558706063871 0.25400527282378166 0.21405350552538013
0 0.5637466788554233 0.6744941635938885 0.24300937356734087 0.21112126572366252
0 0.559898114115669 0.5234838138054353 0.2353122440878323 0.23751142393912042
0 0.5504243932490523 0.3725652794055631 0.22609438783780045 0.2627242048618017
0 0.5428458104165005 0.23446665890128274 0.20841102789517918 0.2761972410085608
0 0.6416422028371714 0.07236802988320107 0.1578871423448328 0.14146687954097015
0 0.6890083455406213 0.20962458562830905 0.10357396537821027 0.16336056327945364
0 0.7003762197894492 0.3494073356509343 0.10104777110069298 0.18020185846290246
0 0.7142702883157945 0.505189316097836 0.10862635393324496 0.1852542470179371
0 0.7271847855574781 0.6713141196183644 0.11875571196956021 0.18619722740906355
0 0.7442284294049613 0.8567782870769985 0.11765612204391611 0.20232454631850993
0 0.8382899405858261 0.848885033661832 0.11391258687053891 0.18506806830507735
0 0.91678432817729 0.843779707639623 0.09285311702892671 0.17230475324955477
0 0.8191449680025422 0.6784947776706056 0.11199808961221067 0.17868641077731606
0 0.8957248583356776 0.6721131201428443 0.09476761428725505 0.17868641077731606
0 0.8004786197338405 0.517038842218245 0.1033828519497329 0.1646467642162412
0 0.8751440128086475 0.507466355926603 0.08998137114143417 0.1761337477662116
0 0.7874928340999758 0.36771453839191987 0.09572486291641932 0.16337043271068896
0 0.773134104662513 0.22987073579227602 0.09189586839976253 0.1531597806662709
0 0.7932363258749611 0.08947427018152769 0.14550179163295732 0.14550179163295737
0 0.8224324090644689 0.21646925498397732 0.12348507316218085 0.15954143819403221
0 0.8578506083435442 0.3581420521002779 0.08519512799561321 0.15188344916071864
0 0.9515325747061062 0.5130412518613693 0.09566432353103456 0.10556063286183119
0 0.9553811394458605 0.5826819471521607 0.08576801420023798 0.09236555375410231