0 0.08871946099375726 0.11207144043226724 0.11734579869757902 0.21409800618445396
0 0.09360886927282305 0.31887065095134204 0.1303842207750878 0.2238297337382928
0 0.09849827755188885 0.5268863274146467 0.1303842207750878 0.21166507429599418
0 0.10420258721079893 0.7166550147145037 0.1222352069766448 0.18246989163447783
0 0.04634458924185373 0.8054570286432828 0.0 0.0
0 0.20769506245102484 0.11207144043226722 0.12060540421695622 0.20436627863061513
0 0.21352808667625106 0.3200325592276596 0.1284565902362273 0.21572665735899335
0 0.21846872476225984 0.5293058550417258 0.12598627119322298 0.21388283977472838
0 0.2203214640445131 0.7164533398446131 0.12475111167172079 0.1862255760107549
0 0.2221742033267664 0.9017570070632357 0.12351595215021863 0.1954446639320795
0 0.32893284335078304 0.11539280733370506 0.12969174975772957 0.21388283977472847
0 0.3326383219152896 0.32005655918710907 0.12228079262871644 0.22125811011178806
0 0.33387348143679174 0.5265641286247779 0.12228079262871641 0.21388283977472847
0 0.33819653976204933 0.7173992485961951 0.12104563310721422 0.1862255760107549
0 0.33696138024054717 0.8999371894384203 0.11610499502120546 0.19360084634781444
0 0.44997847645799727 0.11354898974944015 0.12475111167172076 0.21019520460619867
0 0.4493608966972461 0.320056559187109 0.12598627119322298 0.2175704749432582
0 0.45121363597949943 0.5256422198326454 0.12228079262871644 0.2083513870219337
0 0.45121363597949943 0.7127897046355328 0.11981047358571206 0.18438175842649004
0 0.4524487955010016 0.8980933718541554 0.11981047358571206 0.20097611668487425
0 0.5697889500437093 0.1126270809573077 0.1272214307147252 0.20835138702193376
0 0.5685537905222071 0.31913465039497657 0.12475111167172076 0.21572665735899335
0 0.5673186310007049 0.522876493456248 0.12475111167172083 0.21388283977472847
0 0.5673186310007049 0.7127897046355328 0.12228079262871644 0.18069412325796033
0 0.5673186310007049 0.8944057366856255 0.12228079262871644 0.20097611668487417
0 0.6914521629116746 0.11354898974944015 0.12845659023622735 0.21388283977472847
0 0.6889818438686701 0.3182127416028441 0.1235159521502186 0.21757047494325826
0 0.6865115248256658 0.522876493456248 0.12104563310721428 0.21388283977472847
0 0.6846587855434126 0.7137116134276652 0.119810473585712 0.1825379408422252
0 0.6815708867396572 0.8971714630620229 0.11610499502120551 0.20281993426913913
0 0.8118802162581377 0.11078326337304281 0.13216206880073383 0.21203902219046353
0 0.8050868388898756 0.31636892401857925 0.1235159521502186 0.22125811011178806
0 0.8013813603253692 0.5237984022483805 0.1235159521502186 0.21572665735899335
0 0.7995286210431158 0.7146335222197977 0.12228079262871644 0.19175702876354958
0 0.7927352436748538 0.8962495542698903 0.11363467597820108 0.19728848151634434
0 0.9082226589353083 0.8944057366856255 0.12475111167172076 0.2046637518534039
0 0.913531582422451 0.7075304356944176 0.12150537634408577 0.1910112359550558
0 0.920520829734279 0.5205320408308546 0.12473118279569868 0.2182985553772067
0 0.9237466361858917 0.31507457694642477 0.1268817204301074 0.22471910112359514
0 0.9301982490891175 0.10961711306199494 0.13333333333333322 0.21508828250401246