0 0.3577700278768558 0.3554360674873067 0.08091655876790885 0.0793212358356376
0 0.13566802518976814 0.36088940245100676 0.10100618715166552 0.10014306024249252
0 0.13455193472400387 0.4188930561558168 0.10770272994625107 0.08923639031509228
0 0.19900615912188988 0.352957278867443 0.026786171178342207 0.06444850411645556
0 0.19956420435477204 0.4094736594003348 0.026786171178342245 0.06444850411645549
0 0.22411819460158572 0.3643597065188159 0.024553990246813692 0.06544001956440099
0 0.2471475987594756 0.3754986143176115 0.024776136183343 0.05696884589389873
0 0.06680903388436195 0.391066490240908 0.01602564102564099 0.03473804100227784
0 0.04485390567923378 0.38309382509284423 0.019551282051282017 0.03587699316628695
0 0.023059033884362028 0.37711432623179636 0.02211538461538458 0.03644646924829151
0 0.02337954670487485 0.4206792465051449 0.02275641025641021 0.039293849658314284
0 0.022097495422823573 0.4653831189425024 0.023397435897435856 0.04214123006833707