0 0.05938144841283756 0.21555925422202732 0.11620224479561972 0.09011602657619489
0 0.05819571122104552 0.26417447908550085 0.11383077041203564 0.08774455219261076
0 0.05938144841283756 0.3246470758668948 0.11145929602845156 0.09011602657619483
0 0.05582423683746144 0.38630540984008077 0.09960192411053119 0.09960192411053115
0 0.05463849964566941 0.46100685292297916 0.10671634726128341 0.09248750095977898
0 0.052267025262085334 0.5368940331976696 0.10197339849411527 0.09248750095977898
0 0.051081288070293294 0.6187098994313203 0.09960192411053119 0.08063012904185862
0 0.9214123868456492 0.5380797703894616 0.15177436054938087 0.9296179583649578
0 0.696122320405162 0.5760233605268068 0.30829166986592993 0.8489878293230991
0 0.4660893051975066 0.6234528481984883 0.156517309316549 0.626069237266196
0 0.352258534785471 0.6198956366231123 0.10434487287769939 0.4624375047988948
0 0.2799285660861566 0.6198956366231122 0.06402980835677008 0.3628355806883636
0 0.23012760403089103 0.6163384250477362 0.04031506452092931 0.30354872109876174
0 0.198112699852506 0.6187098994313203 0.028457692603008927 0.2656051309614165
0 0.19929843704429806 0.37326230073036837 0.026086218219424834 0.2632336565778324
0 0.2324990784144751 0.3376901849766072 0.0498009620552656 0.32489199055101836
0 0.2823000404697407 0.27366037661983716 0.06402980835677008 0.4102650683600451
0 0.353444271977263 0.22623088894815566 0.08300160342544266 0.4482086584973903
0 0.4660893051975066 0.20844483107127507 0.156517309316549 0.407893593976461
0 0.6925651088297858 0.16694402935855376 0.30117724671517765 0.3296349393181865
0 0.9190409124620651 0.08157095154952704 0.15651730931654906 0.1588887837001331
0 0.19692696266071397 0.13848633675554486 0.030829166986592993 0.2727195541121687
0 0.23131334122268304 0.12070027887866429 0.04742948767168151 0.2371474383584076
0 0.2823000404697407 0.08987111189207131 0.06402980835677008 0.17548910438522164