0 0.7032367435559141 0.36970508915499223 0.2656051309614166 0.626069237266196
0 0.47913241430721903 0.5534943538827581 0.10197339849411524 0.19683237383747826
0 0.3238008421824621 0.27366037661983716 0.04742948767168159 0.09248750095977895
0 0.28284301257745004 0.2575177785930232 0.03887233287779274 0.10221983830826972
0 0.22381465524450558 0.222964593812763 0.06766665352800955 0.11661699863337813
0 0.27924372249617296 0.2999894015520931 0.0 0.011517728260086735
0 0.1676657299765828 0.22512416786152928 0.053269493202901114 0.11805671466588893
0 0.13167282916381176 0.2668759328043437 0.035992900812771025 0.04031204891030357
0 0.12303453296874672 0.34246102451116284 0.059028357332944495 0.11661699863337815
0 0.16982530402534904 0.33886173442988576 0.04895034510536861 0.11229785053584562
0 0.2209352231794839 0.3374220183973749 0.061907789397966206 0.12093614673091069
0 0.2785238644799175 0.33238301228358696 0.044631197007836076 0.053269493202901086
0 0.33035364165030784 0.3885319375515097 0.05039006113787947 0.08206381385311795
0 0.3613075363492909 0.25391848851174614 0.02591488858519514 0.05470920923541195
0 0.36778625849558966 0.3748546352426568 0.021595740487662607 0.07774466575558547
0 0.36778625849558966 0.4669964613233506 0.015836876357619267 0.11517728260086724
0 0.3332330737153295 0.4734751834696494 0.05614892526792281 0.09934040624324803
0 0.28572244464247176 0.4612375971933072 0.047510629072857746 0.1094184184708239
0 0.22957351937454895 0.4691560353721168 0.06190778939796615 0.09358154211320463
0 0.33683236379660664 0.5785744538429408 0.05470920923541195 0.11373756656835643
0 0.12663382305002382 0.4497198689332205 0.05470920923541196 0.1094184184708239
0 0.17342459410662614 0.4525993009982422 0.050390061137879444 0.11517728260086724
0 0.07192461381461185 0.32806386418605443 0.06046807336545534 0.11373756656835643
0 0.07264447183086727 0.44108157273815546 0.06190778939796617 0.12669501086095403
0 0.07120475579835643 0.5576985713715337 0.05614892526792281 0.10653898640580228
0 0.09639978636729615 0.5044290781686325 0.0 0.0
0 0.12447424900125756 0.5728155897128975 0.059028357332944495 0.1367730230885299
0 0.04025086109937335 0.21720572968271967 0.06046807336545533 0.021595740487662607
0 0.04672958324567213 0.24743976636544734 0.06190778939796617 0.03887233287779271
0 0.021534552676732408 0.3331028702998424 0.043191480975325235 0.10078012227575889
0 0.028733132839286617 0.4418014307544109 0.03743261684528187 0.12525529482844316
0 0.029452990855542035 0.5289042507213167 0.030234036682727665 0.07198580162554208
0 0.9105591588155304 0.48571276974599153 0.053269493202901086 0.051829777170390334
0 0.9350343313682146 0.5548191393065118 0.047510629072857746 0.060468073365455344
0 0.9897435406036266 0.5310638247700831 0.018716308422640937 0.06478722146298788
0 0.9919031146523929 0.5864928920217505 0.020156024455151855 0.05470920923541189
0 0.9415130535145133 0.6563191195985263 0.05182977717039028 0.05902835733294454
0 0.9811052444085615 0.65415954554976 0.03599290081277107 0.07198580162554213
0 0.9379137634332363 0.6008900523468588 0.0532694932029012 0.05182977717039028
0 0.9155981649293182 0.5433014110464252 0.054709209235412004 0.05758864130043362
0 0.9004811465879544 0.5951311882168155 0.030234036682727616 0.060468073365455344
0 0.8983215725391882 0.6505602554684828 0.025914888585195084 0.059028357332944426