0 0.3892515293223303 0.8120913272925744 0.26102292492886237 0.15830720835699788
1 0.40806399238026636 0.8120913272925744 0.2986478510447344 0.15830720835699788
0 0.10431870529592695 0.5179635955397965 0.019988241999057025 0.008816614326813027
0 0.10479122000372981 0.5261367043551419 0.020886462768198596 0.008402373966370407
0 0.11906569603761702 0.5168281920198493 0.01631368689587109 0.00988514584278875
0 0.11968363872306667 0.5257248232783591 0.014089093228252305 0.007908116674231018
0 0.1498392417730102 0.5018357208249528 0.028178186456504592 0.01911128196272501
0 0.15014821311573504 0.518393340111624 0.028548952067774382 0.018287519809159245
0 0.18500018057509598 0.5019180970403094 0.04585134726036497 0.017958014947732956
0 0.18357891239856175 0.5168281920198493 0.04399751920401598 0.017793262517019855
0 0.22002283411562204 0.5132172412322371 0.030346146079169526 0.019949720888307047
0 0.24869989286035848 0.5210058982886046 0.0359581046006598 0.013299813925537972
0 0.5313220955708943 0.5332478744002005 0.03782875744115653 0.020503879801871135
0 0.49390903876095926 0.5357415895112388 0.04364856627825758 0.023274674369691585
0 0.5323613471489481 0.5464091485973476 0.04073866185970706 0.01357689338232015
0 0.5271650892586793 0.5324166360298543 0.0 0.0
0 0.4983778205465904 0.549872641807123 0.038036607756767246 0.017733085234050688
0 0.47260438141085737 0.5533361350168985 0.030138295763558805 0.018564323604396867
0 0.46397859331301117 0.5383738443506683 0.022032133454739578 0.01468521120944824
0 0.4747868097247702 0.5257667290670853 0.044064266909479025 0.012191496098409882
0 0.4554567303729704 0.5260438085238673 0.017459426511303035 0.012191496098409792
0 0.44069935796460713 0.5263208879806495 0.015796623986417017 0.01440813175266624
0 0.45098794858733926 0.5530590555601166 0.015173073039584796 0.01579352903657642
0 0.44797411901098344 0.5398977813629695 0.020785031561075067 0.01329981392553806
0 0.5717230415624635 0.5440617362888994 0.025343184869432774 0.018872604877825775
1 0.5667417948812301 0.5319459899475791 0.01607981384819184 0.010950770731577847
0 0.5632461831751016 0.5320624875085534 0.008739029265321654 0.011183765853526392
0 0.5185023533366546 0.5190147606794393 0.020973670236771946 0.01025178536573257
0 0.5448068314252729 0.5184322728745682 0.028838796575561473 0.009552799999887117
0 0.5887641486298407 0.529849033850043 0.01118595745961174 0.011882751219371759
0 0.5990762031629202 0.5335769558012186 0.011185957459611673 0.011882751219371848
0 0.5885893680445343 0.5426637655572086 0.01258420214206314 0.01328072195106258
0 0.5306496040154517 0.521810702142821 0.034781336475980196 0.006989853658453928
0 0.5795007776085997 0.5271695899476356 0.03775260642618956 0.013513717073011036
0 0.631276100723399 0.535151192960865 0.04202788020173406 0.01736117675814925
0 0.6632394822134554 0.5383458879810337 0.04159318004215558 0.018025078179262216
0 0.6139302528701933 0.5255128160164503 0.028806584057464606 0.012735109583174383
0 0.6248796942593827 0.5140512173915934 0.02954144589566522 0.014106582922900861
0 0.5912965082536139 0.5155206531127289 0.014109347293452064 0.011167711480629911
0 0.6870582521030957 0.5214276322102975 0.019526988860209392 0.015816233348462123
0 0.688170548936905 0.5332898072216441 0.01878545763766974 0.013839204179904302