0 0.02989161220765234 0.5161582279172097 0.05996472599717127 0.0274294667945294
0 0.02759322013587934 0.5402272117809741 0.054881103786220006 0.02749342438991898
0 0.07495875875392272 0.5339363434883656 0.051735053250704204 0.029823375609403624
0 0.12372254205441756 0.5448871142199435 0.049288125056414146 0.013513717073011036
0 0.5070362935723082 0.5744321103412787 0.06734350225788312 0.03435785264097329
0 0.5677008232671874 0.5746478668809415 0.0538324202743814 0.031221346341094445
0 0.5677008232671874 0.5963164203325957 0.05732803198051003 0.018639623976770957
0 0.5087997660189194 0.5977143910642864 0.06606706124583175 0.02889140934250353
0 0.46458027793639184 0.6033062739910496 0.03845172876741532 0.026095467879121887
0 0.46125944681556963 0.5818707227717906 0.033907433549448 0.025163487391328065
0 0.43748928721389474 0.6051702420770841 0.02342059843106203 0.021435551219258876
0 0.43976143482287844 0.5837346837473785 0.016778936189417542 0.023299526415740245
0 0.4796114082727451 0.5585712034664972 0.06012452134541303 0.021435551219258876
0 0.47052281783681055 0.5581052132226003 0.0629210107103159 0.021435551219258876
0 0.45741427393882816 0.5592701888323427 0.05418198144499425 0.021901541463155875
0 0.4325954308253146 0.5613671449298788 0.04858900271518838 0.023299512194846606
0 0.6286992475391326 0.593520478869214 0.03950041227925394 0.02795942885470953
0 0.6512459430436626 0.5711529400517146 0.03285875003760939 0.021435551219258876
0 0.6222323658827946 0.5711529400517146 0.029363138331480885 0.01770762926808341
0 0.6300974922215841 0.5595031839542912 0.03460655589067377 0.013979707316907945
0 0.6746665414747245 0.5765118278565292 0.016778936189417476 0.020037580487568055
0 0.6627814616738871 0.5459894668812801 0.024469281942900715 0.01770762926808341
0 0.5890240546745722 0.5508823644421978 0.04893856388580136 0.024697482926537426
0 0.5661277979994295 0.5546102863933733 0.052783736762542846 0.013513717073011036
0 0.5722451184851547 0.5108072034670618 0.030761383013932216 0.014445697560804946
0 0.5442802248361254 0.5091762376134225 0.028664015990254983 0.014911687804701857
0 0.5077510825070809 0.5087102473695255 0.029712699502093667 0.014911687804701857
0 0.48730175402622816 0.508943242491474 0.020274547895546245 0.010717775609629481
0 0.7168644665728247 0.5457454127001293 0.047952352390893925 0.02438335974554572
0 0.7487503091420272 0.5490404613143922 0.0415257484622174 0.023065340299840566
0 0.728976143207638 0.5806729280113165 0.0652547475834845 0.029655437528366427
0 0.7808833287854097 0.5856155009327109 0.06624345588020394 0.031632466696924245
0 0.8206788377283681 0.5605731314643125 0.03114431134666308 0.022406330576987987
0 0.8199373065058285 0.5786958988427587 0.03064995719830336 0.02438335974554572