0 0.9370303357549852 0.4794106508409214 0.12402343749999856 0.10156249999999883
0 0.9355654920049853 0.5609536195909204 0.12499999999999845 0.09472656249999878
0 0.9433779920049852 0.6385903383409195 0.11328124999999867 0.09960937499999889
0 0.9531436170049851 0.7250161195909184 0.09374999999999889 0.10253906249999878
0 0.959002992004985 0.8202309633409173 0.080078124999999 0.10937499999999878
0 0.8515811170049863 0.506754400840921 0.052734374999999334 0.09570312499999883
0 0.8642401842296568 0.5790947939837712 0.059919060401307456 0.08826786317181845
0 0.8774481491568267 0.6557654196585625 0.06571767914982107 0.09342219094827509
0 0.8956680717441594 0.7351651977028514 0.07538204373067714 0.10115368261295998
0 0.9043659998669298 0.8218223334445272 0.07216058887039178 0.10437513747324523
0 0.8579770498788208 0.8253659337908411 0.04638894998810894 0.0921336090041609
0 0.8444469394656223 0.7416081074234221 0.03608029443519589 0.08697928122770437
0 0.8125910181915649 0.5215463110867582 0.04206659014881664 0.08918117111549134
0 0.8232478876959317 0.5913768507337938 0.03757948719960946 0.08076785308572798
0 0.8319416496600206 0.6670967130016637 0.0347750478563551 0.08974205898414223
0 0.6650259109988157 0.36526354461803384 0.2533438162717204 0.21763764082402826
0 0.668426499136691 0.47068177689217255 0.24654263999596948 0.17683058316952305
0 0.6786282635503174 0.5692988328905604 0.2635455806853467 0.176830583169523
0 0.6883311432455969 0.6960367639803345 0.27050781249999645 0.153320312499998
0 0.7059092682455966 0.8415445764803327 0.2939453124999962 0.17089843749999778
0 0.3297668923157634 0.20142805406839032 0.42851833164927916 0.31185365496989426
0 0.3174273592054438 0.32594516090888764 0.4576845008191254 0.32307141234291203
0 0.29387006872210647 0.46392357659700634 0.5272345965318356 0.29839234612227283
0 0.28601763856099405 0.6254592827684624 0.5564007657016818 0.2580084195794089
0 0.28377408708639046 0.8509362059661196 0.5653749716000961 0.2782003828508409