0 0.8047013477231124 0.4915529358041182 0.04736614270344963 0.06068787033879475
0 0.803961251743371 0.43419549737415974 0.04588595074396684 0.05994777435905341
0 0.8032211557636295 0.3753578669847185 0.04588595074396673 0.05920767837931201
0 0.8043312997332417 0.31800042855476 0.0436656628047426 0.055507198480604925
0 0.8029340215524204 0.261220371625261 0.04316749512782381 0.05863047845719355
0 0.8026118760663918 0.20162345670998189 0.0438117860998809 0.06185193331747893
0 0.803900458010506 0.14428156019690247 0.03994604026753845 0.0528318597086799
0 0.7579981505450639 0.4887429979327921 0.04736614270344952 0.06512844621724306
0 0.7583681985349346 0.42768507960412666 0.04958643064267376 0.058467582399570506
0 0.759108294514676 0.3699575931842976 0.04958643064267365 0.058467582399570506
0 0.759108294514676 0.3114900107847271 0.04810623868319097 0.058467582399570506
0 0.759108294514676 0.2515422364256738 0.04514585476422539 0.06142796631853609
0 0.7583681985349346 0.1960350379450689 0.04070527888577691 0.055507198480604925
0 0.7094154588464525 0.4820049124465739 0.0421854708452597 0.058467582399570506
0 0.710155554826194 0.4242774260267448 0.04218547084525981 0.05846758239957045
0 0.7094154588464525 0.36691998759678646 0.0436656628047426 0.059207678379311846
0 0.7097855068363232 0.30697221323773316 0.04588595074396673 0.06068787033879469
0 0.711265698795806 0.2522051107368697 0.04440575878448394 0.0547671025008635
0 0.7096525689600037 0.1926324444991636 0.038140375068260624 0.058332338339692646
0 0.7104939007629801 0.1357023258310982 0.03645771146230792 0.051040796047231066
0 0.6590281466288748 0.4796407371615663 0.0442076457923809 0.06291088055069588
0 0.6594532201461092 0.4205555182659803 0.04505779282684974 0.056959851309413834
0 0.660303367180578 0.36019507881869106 0.04505779282684974 0.062060733516226985
0 0.660303367180578 0.3045104480609805 0.04505779282684974 0.05440941020600726
0 0.6590281466288748 0.2501010378549733 0.04760823393025637 0.05440941020600723
0 0.6622436575953857 0.19166520507395857 0.04123462221165264 0.05863047845719346
0 0.6760959134946127 0.12884683529839414 0.03285883957491065 0.05540902359690811
0 0.7279613367452069 0.10565236030433961 0.06056335137336466 0.055409023596908094
0 0.6615993666233286 0.06796133843900096 0.06314051526159292 0.0508989867925086
0 0.6145661256631625 0.06989421135517217 0.028348802770511106 0.05476473262485102
0 0.5887944867808796 0.07440424815957165 0.02706022082639703 0.049610404848394456
0 0.641948491975588 0.12755825335428 0.03157025763079646 0.05669760554102225
0 0.6161768530933052 0.12884683529839414 0.023838765966111675 0.05540902359690811
0 0.5969705030241481 0.21654797208716825 0.07409346178656318 0.06700626109393537
0 0.5972926485101766 0.28033277832081827 0.07602633470273434 0.060563351373364605
0 0.5992255214263479 0.3383189658059546 0.06829484303804945 0.05927476942925047
0 0.604291047794222 0.4003942384275201 0.05525955724047604 0.059510292412820354
0 0.6047161213114565 0.4616048249092782 0.05780999834388256 0.0646111746196335
0 0.5740339444768994 0.16077834309943828 0.05721056260239077 0.05496701112778721
0 0.5630966310382071 0.07496249919585214 0.027483505563893562 0.05496701112778721
0 0.5342109058026863 0.07299939165557404 0.0314097206444498 0.057771450471041666
0 0.5173400087675774 0.4667613963753649 0.047608233930256316 0.06291088055069582
0 0.5173400087675774 0.4017251482384969 0.047608233930256316 0.06376102758516461
0 0.5164898617331085 0.33966441472227005 0.05100882206813173 0.060360439447289194
0 0.5164898617331085 0.2788789017577464 0.04930852799919405 0.05610970427494488
0 0.5160647882158741 0.21851846231045718 0.05015867503366289 0.06121058648175806
0 0.5157332444455155 0.15905653595844632 0.050158675033662836 0.05185896910260057
0 0.5059565535491236 0.08424359692518646 0.030605293240879072 0.0535592631715383
0 0.47747662789441675 0.08084300878731102 0.029755146206410177 0.05355926317153831
0 0.4613238342395084 0.15565594782057085 0.060360439447289194 0.05695985130941375
0 0.4647244223773838 0.21304087264721905 0.05525955724047604 0.06631146868857127
0 0.4637342973159299 0.46223167954973665 0.059207678379311734 0.06512844621724295
0 0.46336424932605924 0.39710323333249364 0.05698739044008755 0.06512844621724295
0 0.46484444128554203 0.3375255069633112 0.05254681456163918 0.06734873415646714
0 0.4641043453058006 0.27424730069542175 0.05402700652112197 0.06660863817672577
0 0.4085971468251958 0.4614915835699952 0.04958643064267365 0.06512844621724295
0 0.40822709883532515 0.39710323333249364 0.05328691054138063 0.06956902209569132
0 0.40674690687584236 0.3312346911355093 0.05920767837931179 0.05920767837931179
0 0.4045266189366181 0.26795648486761986 0.05920767837931179 0.0688289261159499
0 0.4045266189366181 0.20282803865037696 0.05624729446034621 0.06734873415646711
0 0.40604048384281843 0.14322418416044563 0.05496701112778718 0.06057588981429607
0 0.4130515822009545 0.10087715007730347 0.07796341374247362 0.04431014162342027
0 0.2763570171783716 0.056200739780038055 0.07993036581207086 0.07104921405517407
0 0.27746716114798364 0.12095913800741026 0.08067046179181225 0.07622988591336384
0 0.34740623123354564 0.13946153750094517 0.060687870338794525 0.07030911807543266
0 0.3474593446723361 0.20207561046851502 0.06036043944728914 0.06631146868857116
0 0.3474593446723361 0.2611608293641009 0.062060733516226874 0.0722624979298532
0 0.34873456522403934 0.3270472245354376 0.06291088055069571 0.06971205682644666
0 0.3483094917068049 0.39165839915507106 0.062060733516226874 0.06971205682644666
0 0.34873456522403934 0.45626957377470445 0.06121058648175798 0.06801176275750881
0 0.2892242728112191 0.19102369902041982 0.0595102924128203 0.06971205682644663
0 0.29049949336292236 0.2560599471572877 0.0586601453783514 0.07226249792985318
0 0.29004977598713877 0.32129750202604757 0.059947774359053074 0.06660863817672569
0 0.29004977598713877 0.38568585226354907 0.059947774359053074 0.07252940601465685
0 0.2919000159364923 0.4534046344098869 0.05772748641982889 0.06734873415646708
0 0.2320750576524242 0.4491959579176893 0.05669760554102213 0.06185193331747868
0 0.2323972031384527 0.386377588142125 0.057341896513079166 0.0637848062336499
0 0.23271934862448124 0.32452565482464635 0.0566976055410221 0.06120764234542159
0 0.2314307666803671 0.2604187031049679 0.05927476942925039 0.0657176791498211
0 0.22830201221541085 0.1972320272248086 0.06562388063215407 0.0577714504710416
0 0.22886290008406174 0.134412585935909 0.05889322620834336 0.0633803291575505
0 0.180359290524733 0.06632099443980398 0.07821352717113522 0.04930852799919394
0 0.17127048492165825 0.4465957785820623 0.056959851309413695 0.06716161572304002
0 0.1704203378871894 0.3773087952728501 0.0586601453783514 0.07141235089538434
0 0.1687200438182517 0.30929703251534124 0.06036043944728914 0.06631146868857113
0 0.16659467623207952 0.2451109314129422 0.06631146868857116 0.06376102758516455
0 0.16701974974931397 0.17922453624160548 0.0705622038609155 0.07311264496432207
0 0.16701974974931397 0.11631365569090976 0.0705622038609155 0.06461117461963345
0 0.10156226904498625 0.4406070498237479 0.06738281249999922 0.07128906249999917
0 0.10058570654498626 0.37029454982374876 0.0693359374999992 0.07128906249999917
0 0.10253883154498623 0.3053531435737495 0.0673828124999992 0.06640624999999922
0 0.10351539404498622 0.23552892482375035 0.07324218749999915 0.07910156249999906
0 0.09960914404498628 0.16521642482375118 0.07324218749999913 0.07519531249999911
0 0.10009742529498628 0.10076329982375194 0.07421874999999913 0.07714843749999908
0 0.035644300294987025 0.4401187685737479 0.07031249999999917 0.07031249999999917
0 0.035644300294987025 0.36882970607374876 0.07031249999999917 0.08007812499999906
0 0.037597425294987004 0.29900548732374954 0.06249999999999927 0.06738281249999917
0 0.035644300294987025 0.23113439357375037 0.0683593749999992 0.07617187499999908
0 0.036314193512081046 0.15813108823806446 0.07104921405517407 0.078450173852588
0 0.03335380959311546 0.09041230609172671 0.0651284462172429 0.06882892611594987