0 0.1453455793034156 0.5174931281735712 0.13262293737714298 0.09096573268816854
0 0.14237006468277458 0.6084588608617398 0.13347308441161185 0.10116749710179496
0 0.23036028275030213 0.6080337873445054 0.04590793986131872 0.10711852634307706
0 0.2673416787496978 0.6054833462410988 0.03825661655109894 0.10371793820520159
0 0.3064484423352656 0.6063334932755677 0.04505779282684985 0.09351617379157517
0 0.502407333780339 0.4499064389332964 0.17513028910058615 0.09861705599838838
0 0.46967667295328763 0.5276948925871976 0.15557690730780233 0.09776690896391949
0 0.45309880578114475 0.6110093019651464 0.12582176110139198 0.0960666148949818
0 0.6421473495083594 0.5134063161307338 0.19531249999999856 0.10839843749999911
0 0.6240809432583596 0.621804753630733 0.23144531249999833 0.127929687499999
0 0.8638270370083577 0.4679961598807342 0.271484374999998 0.17187499999999867
0 0.8657801620083577 0.622781316130733 0.265624999999998 0.17089843749999878