0 0.7607916045763579 0.5742110585098914 0.339843749999998 0.3769531249999978
0 0.743213479576358 0.4326094960098923 0.320312499999998 0.36718749999999784
0 0.7363775420763581 0.307609496009893 0.3105468749999981 0.3632812499999978
0 0.7231941850868446 0.1970678557368034 0.28717458874925683 0.3567246844619676
0 0.7119764277138267 0.13368752657925256 0.2669826254778248 0.265860849740523
0 0.6693489496963589 0.08320761840067226 0.17499701501907838 0.16041393043415525
0 0.44274058609032585 0.7878458917026747 0.24611915132580187 0.282199445760998
0 0.44982778678295365 0.6570548243750889 0.24483056938168773 0.27833369992865553
0 0.45691498747558146 0.5449481952371582 0.23838765966111697 0.27833369992865553
0 0.46206931525203804 0.4392844758197982 0.2280790041082038 0.273179372152199
0 0.4672236430284946 0.3510166126479792 0.23323333188466044 0.2718907902080848
0 0.4662757058979726 0.2539648276923063 0.20556581874133345 0.25466692128471047
0 0.2215704967419167 0.9078590759096898 0.1688042346789531 0.17911289023186627
0 0.23059057035071573 0.8150811759334713 0.17395856245540972 0.22292467633174728
0 0.2479864265962567 0.715216075264625 0.17782430828775217 0.2216360943876332
0 0.25120788145654205 0.6681828343044587 0.16622707079072482 0.13787826802021363
0 0.2705366106182543 0.5290159843401309 0.16622707079072488 0.21261602077883407
0 0.2582950821491699 0.6237267572325207 0.1726699805112956 0.22421325827586147
0 0.28084526617116745 0.4471910308888827 0.16107274301426827 0.21648176661117652
0 0.09077942941433088 0.9130134036861465 0.11081804719381658 0.14303259579667027
0 0.09851092107901577 0.8337656141231264 0.12370386663495804 0.18297863606420883
0 0.11010815857604307 0.7448534599792505 0.12112670274672974 0.15978416107015414
0 0.12685972384952698 0.6598070516677168 0.12112670274672974 0.17524714439952394
0 0.1307254696818694 0.591512208629667 0.11339521108204485 0.1700928166230673