0 0.20764716281411105 0.7212424153422714 0.3476562499999982 0.24609374999999878
1 0.2769831003141107 0.7983908528422711 0.4902343749999975 0.400390624999998
0 0.6402643503141089 0.47905491534227274 0.2949218749999985 0.12499999999999939
0 0.11292060031411152 0.12358616534227448 0.15429687499999922 0.05859374999999971
0 0.11194403781411154 0.1782736653422742 0.1562499999999992 0.07421874999999961
0 0.11024823750381674 0.23444866433644984 0.1533412513495836 0.07087200692627812
0 0.10638249167147429 0.2911462698774724 0.14818692357312702 0.06571767914982157
0 0.103805327783246 0.3497767483346661 0.1533412513495836 0.0670062610939357
0 0.10251674583913184 0.40518577193157446 0.14818692357312702 0.06958342498216397
0 0.10316103681118892 0.46381625038876817 0.15462983329369775 0.06829484303804984
0 0.26294519788134324 0.12749636297497557 0.13143535829964312 0.05025469582045175
0 0.25779087010488666 0.1790396407395415 0.11854953885850161 0.06314051526159326
0 0.2603680339931149 0.2338043733643928 0.12628103052318648 0.061851933317479096
0 0.25714657913282957 0.28663623307307284 0.12756961246730064 0.06185193331747907
0 0.25650228816077253 0.3414009656979241 0.1288581944114148 0.06571767914982157
0 0.2545694152446013 0.4000314441551178 0.12499244857907235 0.07989208053507718
0 0.2532808333004871 0.46252766844465404 0.12241528469084403 0.07344917081450641
0 0.6486059208819992 0.2003353624474677 0.1674789657903667 0.07396279199879138
0 0.6481808473647649 0.2636713165153982 0.171729700962711 0.07481293903326025
0 0.6498811414337027 0.3257320500316255 0.1734299950316488 0.07481293903326025
0 0.4415951179888303 0.3954441068580725 0.0918158797226376 0.0629108805506961
0 0.4424452650232992 0.45665469333983094 0.09691676192945081 0.0697120568264471