0 0.8257448922524631 0.7700312878678415 0.3479171249108205 0.45615800821640895
0 0.9236771200051385 0.35124215603074277 0.14689834162901305 0.4535808443281807
0 0.8051275811466367 0.1515119546930496 0.38915174712247325 0.30152817492271106
0 0.6079745436971717 0.07806278387854307 0.29895101103448274 0.15462983329369795
0 0.40309001458302196 0.04713681721980347 0.11081804719381688 0.09277789997621878
0 0.29227196738920513 0.09094860331968456 0.12628103052318665 0.15978416107015456
0 0.2033598132453288 0.1515119546930496 0.07216058887039237 0.10050939164090367
0 0.12475631465436567 0.19403515884881656 0.11597237497027349 0.10824088330558859
0 0.6685378950705368 0.4118055074041078 0.37884309156956 0.37884309156956
0 0.4829820951180993 0.23526978106046934 0.2809108638168847 0.3041053388109393
0 0.3605668104272551 0.1515119546930496 0.20101878328180733 0.23967624160523185
0 0.19509198719963894 0.24163831319173318 0.14209842811034923 0.16430130750259128
0 0.26466100929533076 0.32970973478096005 0.18946457081379897 0.21610802608448942
0 0.36753435047938565 0.47476854681027486 0.25015244115259394 0.2753157044638016
0 0.5086887205082519 0.7740899114487259 0.33665822564967146 0.40126940026930547
0 0.24004225761608983 0.7392338830355023 0.22443881709978097 0.2907502857883527
0 0.06546329391976714 0.7264041191455656 0.12729650851552113 0.22498917784138617
0 0.16241586726589077 0.5176970528584902 0.16134092358362562 0.20426649040862688
0 0.04326041452752508 0.5465607960684049 0.08289074973103701 0.16134092358362562
0 0.1298516441572691 0.3911406403227105 0.09325209344741664 0.15245977182672876
0 0.11430962858269966 0.34451459359900216 0.08289074973103701 0.10953420500172745
0 0.05658214216287031 0.29122768305762126 0.08289074973103701 0.10953420500172747
0 0.02993868689217985 0.3904005443429691 0.05920767837931215 0.09769266932586507