0 0.9359187610882643 0.20067835361861072 0.0717936471873144 0.11217757373017884
0 0.9347969853509626 0.30724704866228064 0.07179364718731451 0.12339533110319678
0 0.9347969853509626 0.40932864075674336 0.07403719866191805 0.12339533110319673
0 0.9353578732196134 0.5058013541646973 0.07291542292461628 0.1301259855270075
0 0.9353578732196135 0.6134918249456689 0.0684283199754091 0.1301259855270075
0 0.868612216850157 0.22535741983925006 0.0650629927635038 0.09198561045874665
0 0.8663686653755533 0.3167821424293458 0.06281944128890016 0.13124776126430926
0 0.8658077775069025 0.4211072859984122 0.06169766555159839 0.12451710684049855
0 0.8674904411128552 0.5108493449825553 0.0650629927635038 0.1132993494674806
0 0.868612216850157 0.5876909829877278 0.06955009571271087 0.11442112520478243
0 0.8029883362180024 0.26910667359401985 0.05945411407699486 0.12563888257780034
0 0.8057927755612568 0.36445761126467185 0.06281944128890027 0.10544691930636818
0 0.8052318876926059 0.4553214459861168 0.06169766555159839 0.10320336783176459
0 0.8063536634299078 0.548989720050816 0.06169766555159839 0.12676065831510208
0 0.8332762811251506 0.183290829690433 0.12676065831510208 0.0594541140769948
0 0.746338661484262 0.204604568699167 0.05833233833969309 0.09310738619604844
0 0.746338661484262 0.27639821588648145 0.056088786865089335 0.08413318029763414
0 0.7480213250902148 0.3526789660230031 0.05721056260239121 0.09759448914525559
0 0.7476443344840834 0.43619617037742575 0.05734189651307964 0.10115368261296082
0 0.7476443344840835 0.5180211238286743 0.05605331456896556 0.09986510066884663