0 0.4896736383967941 0.7342436139822385 0.08593749999999994 0.11914062499999978
0 0.4896736383967941 0.8475248639822384 0.08593749999999994 0.13085937499999978
0 0.4906502008967941 0.9520170514822381 0.08789062499999994 0.09374999999999989
0 0.41204861426771255 0.8006575237417146 0.0721605888703925 0.12499244857907288
0 0.41076003232359837 0.9275828452369587 0.06442909720570766 0.13401252218787185
0 0.3411766073414341 0.7787516306917741 0.06442909720570766 0.16622707079072563
0 0.34182089831349116 0.9269385542649016 0.07087200692627843 0.14045543190844267
0 0.3748931620739753 0.6222133681934634 0.13124776126430943 0.22659869893496154
0 0.3446052171668269 0.40066266007635987 0.05945411407699486 0.22323337172305618
0 0.5776705266529628 0.31952327833225486 0.45358084432818163 0.6288279887277065
0 0.1691900503687765 0.7035206976782723 0.31183683047562494 0.5824390387395968
0 0.1524384850952925 0.4238984158055012 0.2525620610463739 0.8427325914506557
0 0.20011601702751616 0.2834429838970586 0.16236132495838324 0.5618217276337705