0 0.7220955133967939 0.18932173898223922 0.44921874999999944 0.13476562499999983
0 0.7260017633967939 0.3133451764822391 0.45703124999999944 0.1484374999999998
0 0.7269783258967939 0.4402983014822389 0.45898437499999944 0.14843749999999983
0 0.7279548883967938 0.5779936139822387 0.46093749999999933 0.15429687499999978
0 0.7357673883967938 0.7186186139822385 0.47265624999999933 0.15039062499999978
0 0.2670173883967944 0.07311080148223938 0.4257812499999994 0.12109374999999985
0 0.26311113839679445 0.19420455148223922 0.4453124999999994 0.13671874999999983
0 0.26213457589679445 0.32115767648223903 0.4550781249999994 0.13671874999999983
0 0.26115801339679445 0.4471342389822389 0.4609374999999994 0.15039062499999983
0 0.25822832589679445 0.5838529889822387 0.4707031249999994 0.14648437499999978
0 0.25822832589679445 0.7176420514822386 0.47460937499999933 0.1445312499999999