0 0.029448073108879036 0.34443131777432934 0.06011091593520958 0.0890667839771703
0 0.08845939911844454 0.36862229613849906 0.08136965449766174 0.12865202130035713
0 0.1679964037400328 0.3669729112500329 0.08503495424980867 0.13414997092857747
0 0.2618280773949941 0.3279374688896682 0.1040945129609727 0.06047744591042431
0 0.3292695928344976 0.325188494075558 0.11435735226698404 0.04838195672833938
0 0.18632290250076747 0.44449400100794034 0.07917047464637357 0.17703397802869644
0 0.3039790245446838 0.5005730872157883 0.19572700676464583 0.2320134743109004
0 0.6875473963221614 0.5706562433289246 0.2640670041998241 0.40045325911621676
0 0.48925532357137785 0.56049982009047 0.29888902673166906 0.3859440830612815
0 0.44772052615623553 0.3683850902428129 0.19910771486615247 0.05743491774985169
0 0.32200187285933796 0.3702995875011413 0.20293670938280917 0.06892190129982197
0 0.9474924936136924 0.4016144679638696 0.1046591834552852 0.20963744978695853
0 0.9005873107846469 0.3848626169534962 0.1601796039468085 0.18953522857451044
0 0.8262410005862276 0.3279063235182267 0.13656747109409165 0.09093861977059844
0 0.7611480938030626 0.3240773290015699 0.12252782453301683 0.09859660880391198
0 0.714242910974017 0.31211172113701746 0.12061332727468854 0.0784943875914639
0 0.6590415733588818 0.30971859956410697 0.09444853141086722 0.07370814444564293
0 0.610540976147896 0.3068468536766144 0.07785622183868782 0.08136613347895652
0 0.6115383754192771 0.358038764735785 0.2074812175855759 0.027567434504377247
0 0.5656434727425481 0.3006661123259855 0.05055555555555549 0.05416666666666657
0 0.5303656949647705 0.3006661123259855 0.03555555555555549 0.05083333333333324
0 0.5003656949647705 0.3002494456593188 0.031111111111111048 0.048333333333333235
0 0.4734212505203261 0.2998327789926522 0.030555555555555492 0.05083333333333324