0 0.31925826936760127 0.22580217439504702 0.04773986960010988 0.03561343213484134
0 0.32241752544407914 0.25811806651740304 0.04422958507069002 0.03957048014982371
0 0.280294111091041 0.25811806651740304 0.04422958507069002 0.03693244813983546
0 0.30205787517344407 0.28383887861478846 0.08214065798842435 0.03297540012485305
0 0.30767433042051584 0.31219772272216206 0.08354477180019233 0.03165638411985897
0 0.30907844423228376 0.34451361484451815 0.08494888561196022 0.03561343213484134
0 0.30907844423228376 0.3768295069668742 0.08354477180019233 0.03165638411985897
0 0.30942947268522575 0.40518835107424783 0.08424682870607628 0.03825146414482954
0 0.30978050113816774 0.4375042431966039 0.08494888561196026 0.036932448139835504
0 0.30978050113816774 0.46850111931396576 0.08635299942372816 0.03561343213484134
0 0.30978050113816774 0.4981789794263335 0.08775711323549613 0.03693244813983542
0 0.31048255804405167 0.5291758555436955 0.0863529994237282 0.038251464144829585
0 0.31083358649699366 0.5628107636710455 0.08424682870607628 0.039570480149823666
0 0.31083358649699366 0.5931481317859104 0.0856509425178442 0.03165638411985893
0 0.3115356434028776 0.6221664838957811 0.08284271489430833 0.036932448139835504
0 0.3115356434028776 0.65382286801564 0.0856509425178442 0.03429441612984726
0 0.31048255804405167 0.6841602361305049 0.08775711323549609 0.039570480149823666
0 0.28099616799692495 0.7151571122478668 0.04703781269422594 0.03561343213484134
0 0.281347196449867 0.7448349723602347 0.04633575578834195 0.031656384119859014
0 0.3287360375970349 0.7138380962428728 0.04984604031776181 0.032975400124853095
0 0.3276829522382089 0.7435159563552405 0.04773986960010988 0.03693244813983542
0 0.3238216392558471 0.7797888964925788 0.04984604031776176 0.038251464144829495
0 0.4043452402767094 0.7780271007137489 0.08284271489430833 0.03693244813983542
0 0.4043452402767094 0.7450517005888958 0.08565094251784416 0.03429441612984726
0 0.40504729718259336 0.714714332474031 0.08424682870607623 0.03429441612984726
0 0.4046962687296513 0.6823984403516751 0.08494888561196022 0.03561343213484125
0 0.4057493540884773 0.6533800882418043 0.08424682870607632 0.038251464144829585
0 0.4064514109943612 0.6223832121244424 0.0856509425178442 0.03429441612984726
0 0.4064514109943612 0.5900673200020864 0.08705505632961211 0.038251464144829585
0 0.4075044963531872 0.5610489678922156 0.08494888561196022 0.038251464144829585
0 0.4078555248061292 0.5313711077798479 0.08565094251784426 0.034294416129847176
0 0.40750449635318725 0.5010337396649831 0.08775711323549613 0.03957048014982375
0 0.40680243944730327 0.468717847542627 0.08775711323549613 0.038251464144829585
0 0.4075044963531872 0.4357424474177739 0.08494888561196022 0.03561343213484134
0 0.4075044963531872 0.4027670472929208 0.08494888561196022 0.032975400124853095
0 0.40212274370314605 0.37529071249606594 0.08568919180421403 0.03480904106051612
0 0.402817520933991 0.3465732536211402 0.08522600698365067 0.03480904106051608
0 0.4030491133442727 0.31568022967993215 0.08476282216308731 0.035679267087029
0 0.4025859285237094 0.2869627708050064 0.0847628221630874 0.03219836298097738
0 0.40212274370314605 0.2565048598770548 0.08476282216308736 0.03916017119308063
0 0.40165955888258276 0.22169581881653874 0.08568919180421398 0.0409006232461064
0 0.4949913002260915 0.22039047977676937 0.08522600698365071 0.03654949311354189
0 0.49591766986721814 0.2834818666989548 0.08059415877801752 0.026977006821899973
0 0.4970756319186264 0.34483280156811436 0.08013097395745417 0.026106780795387044
0 0.49743439921039406 0.40702081523563877 0.07874141949576419 0.029587684901438715
0 0.4976659916206758 0.4683717501047984 0.07735186503407421 0.030457910927951515
0 0.49836076885152075 0.5297226849739579 0.07781504985463757 0.02610678079538709
0 0.49812917644123916 0.5915087328563741 0.07827823467520083 0.02958768490143863
0 0.4995187309029291 0.6528596677255336 0.0819837132397074 0.028717458874925744
0 0.4975786714413517 0.713441570069405 0.08152052841914405 0.025236554768874202
0 0.4975786714413517 0.7765329569915903 0.08337326770139729 0.0313281369544644
0 0.559182252576273 0.7743573919253083 0.044465742774078595 0.03393881503400323
0 0.6008688864269718 0.7743573919253083 0.041686633850698644 0.03393881503400323
0 0.6742836804862578 0.7739222789120518 0.08383645252196074 0.031328136954464576
0 0.7634467584446966 0.7700062617927438 0.0787414194957641 0.030457910927951602
0 0.8420708114186908 0.7690241569323462 0.07822580645161263 0.03636363636363628
0 0.9354175856122385 0.7656150660232552 0.08346774193548351 0.03257575757575749
0 0.5945062444636083 0.7403321820133408 0.07983870967741889 0.03333333333333316
0 0.5951110831732858 0.7100291517103107 0.07943548387096729 0.03030303030303013
0 0.5945062444636083 0.6804836971648565 0.08064516129032212 0.033333333333333076
0 0.5943046315603826 0.6501806668618262 0.08024193548387051 0.03030303030303013
0 0.5939014057539309 0.6210140001951598 0.07943548387096729 0.03409090909090883
0 0.5928933412378019 0.5903321820133418 0.07983870967741889 0.03484848484848459
0 0.5930949541410278 0.5577564244375844 0.07943548387096729 0.03181818181818165
0 0.6793852767216724 0.7096503638315229 0.08104838709677374 0.02651515151515143
0 0.6781755993023175 0.6501806668618263 0.07862903225806406 0.02575757575757567
0 0.6767643089797368 0.5891958183769782 0.07580645161290277 0.028030303030302944
0 0.6769659218829627 0.5301049092860695 0.07540322580645116 0.028030303030302944
0 0.5924901154313503 0.5285897577709179 0.07983870967741889 0.03106060606060589
0 0.5923970380935989 0.4981561317232485 0.07827823467520074 0.03567926708702892
0 0.5917022608627539 0.4663928817555276 0.08059415877801725 0.03306858900749017
0 0.5917022608627539 0.4363700838408326 0.07966778913689072 0.033938815034003145
0 0.5921654456833172 0.40591217291288106 0.07966778913689063 0.03219836298097729
0 0.5910074836319089 0.3741489229451603 0.07920460431632727 0.03480904106051599
0 0.5900811139907823 0.34412612503046525 0.0810573435985806 0.03219836298097733
0 0.5919338532730355 0.3175842312218217 0.07827823467520065 0.03828994516656762
0 0.5912390760421906 0.28712632029387025 0.078741419495764 0.03306858900749017
0 0.5914706684524722 0.25623329635266234 0.07920460431632736 0.03567926708702892
0 0.5859124506057124 0.22316470734517213 0.08291008288083385 0.0339388150340031
0 0.6725280120510528 0.22751583747773665 0.07827823467520065 0.0339388150340031
0 0.6748439361538695 0.2893018853601525 0.07457275611069417 0.028717458874925703
0 0.6750755285641511 0.34804214214977325 0.07596231057238405 0.026106780795387002
0 0.6755387133847144 0.4098281900321892 0.07966778913689063 0.0313281369544644
0 0.6757703057949961 0.46769822079529705 0.07735186503407403 0.03219836298097729
0 0.7597050685136794 0.23080654141448478 0.08104838709677374 0.03636363636363615
0 0.7643421652878729 0.2648974505053936 0.06854838709677373 0.034848484848484636
0 0.812930874965292 0.26944290505084817 0.034274193548386914 0.0272727272727271
0 0.8457937781910984 0.2683065414144845 0.035483870967741755 0.023484848484848313
0 0.8457937781910984 0.2417913898993332 0.0338709677419353 0.029545454545454375
0 0.7613179717394858 0.2925489656569086 0.07459677419354793 0.029545454545454375
0 0.7651486169007762 0.3224732080811508 0.07096774193548341 0.0318181818181816
0 0.7627292620620665 0.352776238384181 0.07499999999999954 0.0318181818181816
0 0.7657534556104536 0.38156411717205957 0.07056451612903179 0.036363636363636105
0 0.7556728104491633 0.4130035111114533 0.07620967741935429 0.03409090909090892
0 0.7322857136749699 0.4429277535356955 0.03104838709677392 0.028787878787878616
0 0.7655518427072278 0.44254896565690766 0.037096774193548114 0.029545454545454375
0 0.7486163588362602 0.47133684444478624 0.07096774193548341 0.029545454545454375
0 0.7647453910943246 0.49860957171751336 0.06612903225806406 0.032575757575757404
0 0.9312776491588396 0.23270048080842418 0.08709677419354783 0.03409090909090887
0 0.9349066814169041 0.2633822989902421 0.08064516129032204 0.03333333333333312
0 0.9365195846427106 0.2948216929296359 0.07822580645161253 0.03560606060606035
0 0.9355115201265816 0.3205792686872114 0.07782258064516075 0.03560606060606035
0 0.9363179717394847 0.34974593535387793 0.07782258064516093 0.03333333333333312
0 0.937124423352388 0.3796701777781202 0.07620967741935447 0.03863636363636338
0 0.9375276491588396 0.40997320808115034 0.07620967741935447 0.03257575757575732
0 0.937124423352388 0.44065502626296826 0.0770161290322577 0.03484848484848468
0 0.9397453910943234 0.47171563232357405 0.08225806451612866 0.03484848484848459
0 0.939140552384646 0.5005035111114526 0.08185483870967705 0.030303030303030044
0 0.9389389394814203 0.5251247232326646 0.08225806451612866 0.03560606060606035
0 0.9379308749652912 0.5573216929296342 0.0802419354838706 0.03484848484848459
0 0.8465257408542741 0.2938955325287118 0.0750204094431358 0.03098844335906022
0 0.8459936812128336 0.3208854670672481 0.07714864800889851 0.03098844335906022
0 0.85104824780652 0.34837521520834985 0.08087306549898338 0.03198807056419114
0 0.851846337268681 0.3783640313622791 0.08353336370618668 0.03598657938471512
0 0.8521123670894014 0.4093524747213393 0.08087306549898338 0.03398732497445315
0 0.8523783969101215 0.4393412908752685 0.07927688657466128 0.03198807056419114
0 0.8523783969101215 0.46883029342663224 0.07927688657466128 0.032987697769322144
0 0.8526444267308421 0.4978194823754305 0.08087306549898328 0.034986952179584065
0 0.8523783969101217 0.5283081121319252 0.08034100585754268 0.03398732497445306
0 0.8526444267308421 0.5587967418884198 0.08087306549898328 0.03098844335906022
0 0.8526444267308421 0.5887855580423491 0.08300130406474607 0.03698620658984599
0 0.8465257408542741 0.6172749333885817 0.08034100585754259 0.03398732497445306
0 0.8462597110335539 0.6462641223373801 0.08193718478186458 0.03398732497445315
0 0.8465257408542741 0.6757531248887437 0.08353336370618668 0.032987697769322144
0 0.8470578004957148 0.704742313837542 0.08034100585754259 0.034986952179584065
0 0.8478558899578759 0.7347311299914712 0.08193718478186476 0.03098844335906022
0 0.7611301684030451 0.5298075529396217 0.07448834980169511 0.03098844335906022
0 0.7643225262516892 0.5592965554909853 0.06916775338728832 0.029988816153929215
0 0.7613961982237655 0.5882857444397835 0.07395629016025441 0.027989561743667287
0 0.7645885560724095 0.6177747469911473 0.07289217087737311 0.032987697769322144
0 0.7621942876859265 0.6497628175553385 0.0776807076503392 0.03098844335906022
0 0.7669828244588925 0.6782521929015712 0.07129599195305111 0.03398732497445315
0 0.7619282578652061 0.7077411954529349 0.08246924442330537 0.02898918894879821
0 0.768046943741774 0.7382298252094296 0.07023187267016973 0.03598657938471507
0 0.9377739693613507 0.5867863036320871 0.08087306549898328 0.03098844335906022
0 0.9372419097199101 0.6162753061834507 0.08087306549898328 0.03598657938471507
0 0.9369758798991898 0.644264867927118 0.07927688657466128 0.03198807056419122
0 0.9375079395406304 0.6742536840810474 0.07927688657466128 0.03198807056419122
0 0.9383060290027915 0.704742313837542 0.0766165883674579 0.032987697769322054
0 0.938039999182071 0.7362305707991676 0.07821276729178007 0.03398732497445315