0 0.9120121825369892 0.20846327240542972 0.0 0.0
0 0.953947666407957 0.28655043947564746 0.08225806451612885 0.1707021791767551
0 0.9390283115692474 0.10434704964513938 0.0556451612903224 0.20581113801452744
0 0.8906412147950538 0.071054071436907 0.08145161290322563 0.0762711864406778
0 0.8632218599563442 0.043209035117294466 0.06048387096774175 0.08595641646489087
0 0.8599960535047314 0.17456496732068405 0.12338709677419327 0.1598062953995154
0 0.7894315373756993 0.21512186804707623 0.16290322580645133 0.26755447941888566
0 0.7474960535047316 0.07165939831342033 0.1241935483870965 0.10411622276029035
0 0.6837863760853768 0.21996448305918273 0.15322580645161255 0.2457627118644063
0 0.6599960535047318 0.38279741284126473 0.1088709677419352 0.17433414043583498
0 0.7233025051176348 0.4154850641729838 0.037096774193548294 0.14527845036319584
0 0.8374154083434411 0.3646376065458653 0.19758064516128995 0.3220338983050841
0 0.9608025051176344 0.43788215860397656 0.07338709677419336 0.15375302663438223
0 0.8935219568725833 0.6243972862438274 0.1648937961205417 0.29065127868568974
0 0.8902796631286402 0.8128338807984253 0.16396742647941517 0.29760465855855306
0 0.9457603842839807 0.912460584279723 0.045757129163898604 0.1725264580671577
0 0.7606036290626235 0.6121367498665228 0.16919496597813688 0.28754409677859605
0 0.7419815416121995 0.8397758264829113 0.1362072682088146 0.1996834005406917
0 0.6274847677510824 0.6004736714507015 0.17664380095830634 0.27636182634831735
0 0.6062023820934551 0.824917813658439 0.13407902964305182 0.20128086774501727
0 0.4822324856377763 0.7546292566681155 0.14578434175474678 0.2875440967785961
0 0.5960932489060822 0.4375320166094971 0.18196439737271314 0.16773405645418105
0 0.4838286645620984 0.6420078187631654 0.18302851665559453 0.2508023510791088
0 0.35328394188918466 0.8310335179336298 0.14365610318898403 0.13897964677632138
0 0.2516605503740144 0.7831095018038636 0.2511321507600017 0.266777023122364
0 0.1409921449543526 0.7583487601368178 0.25538862789152716 0.23642514624017902
0 0.4416058423683378 0.9492460910537192 0.17345144310966226 0.10064043387250864
0 0.5778131105771522 0.9620258286883234 0.15855377314932312 0.07508095860330008
0 0.7172127366346109 0.9652207630969746 0.15216905745203496 0.05910628656004472
0 0.8592726608992729 0.9787992343337415 0.1447202224718654 0.041534147312463916
0 0.3006100373865571 0.9420574886342543 0.1872849937871199 0.11182270430278726
0 0.16371252282096535 0.9361507621133096 0.20218266374745905 0.1246024419373916
0 0.07060208556884606 0.9257672252851934 0.1393996260574586 0.13897964677632138
0 0.11157067795977856 0.5695320387205997 0.1383355067745772 0.2827516951656193
0 0.390825202039212 0.6033091160788865 0.21601621442491678 0.2555947526920853
0 0.3663504585329407 0.5234357558626098 0.09257837761067861 0.1405771139806469
0 0.5052180249489586 0.3341358921500341 0.18302851665559441 0.26997195753101516
0 0.4121075876968393 0.32375235532191815 0.190477351635764 0.26517955591803855
0 0.021504639950451963 0.6773769961466359 0.041686633850698734 0.1946946364401749
0 0.02057827030932532 0.53413737076565 0.0361284160039389 0.1919132844910295
0 0.018725531027072046 0.38533504148637354 0.0361284160039389 0.1919132844910295
0 0.03115815791070495 0.23829302442113884 0.060654799124237706 0.15016191720660013
0 0.05988937854850176 0.10650198006428237 0.1159890018340686 0.1581492532282278
0 0.08596030097909514 0.2151297499584186 0.06810363410440724 0.16134418763687886
0 0.116287700541214 0.32535498705688043 0.08193718478186497 0.16134418763687888
0 0.1891798714185874 0.35570686393906553 0.07874482693322087 0.11342017150711284
0 0.18758369249426535 0.2502740284535804 0.08193718478186496 0.11342017150711284
0 0.19024399070146872 0.12167791850537495 0.08300130406474632 0.1533568516152512
0 0.283354427953588 0.34292712630446126 0.11386076326830587 0.1581492532282278
0 0.28175824902926605 0.23669555721681332 0.12130959824847543 0.15016191720660016
0 0.2844185472364694 0.13046398812916535 0.11811724039983135 0.14217458118497245
0 0.28282236831214735 0.049791894310725934 0.11705312111694995 0.09904296666818306
0 0.15299981580062103 0.08094250479507384 0.09789897402508543 0.15495431881957672
0 0.40147166835341935 0.04020709108477273 0.13301491036017038 0.07987336021627665
0 0.4035999069191821 0.10011211124698023 0.1393996260574586 0.19009859731473844
0 0.4067922647678262 0.16560826662432712 0.1393996260574586 0.12300497473306607
0 0.5823719464432512 0.14244499216160686 0.11173252470254312 0.15335685161525117
0 0.5312942208649457 0.05937669753667914 0.06703951482152591 0.1054328354854852