0 0.09844393876710769 0.046074404086423035 0.19448996809829577 0.08796719405152602
0 0.16545019986104353 0.05340500359071688 0.10446104293618716 0.09529779355581985
0 0.0699233250707145 0.09922125049255334 0.10583553034324224 0.09896309330796677
0 0.19878151948212958 0.09311241757230848 0.1078972614538249 0.0843018942993791
0 0.09844393876710769 0.14931368043856122 0.11339521108204527 0.11118075914845649
0 0.022503509527313746 0.17252724553549167 0.04398359702576301 0.06719716212269349
0 0.17919507393159448 0.1761925452876386 0.19930067402298862 0.17471262151900305
0 0.2462013350255303 0.2036822934287405 0.11202072367499015 0.10507192622821164
0 0.15003468892836083 0.2604466859759689 0.0837592550518669 0.07232545198129461
0 0.2801606744553683 0.2726781962375114 0.11187843353356502 0.13720563684686762
0 0.18623065271863187 0.31149994619805915 0.11427155510647556 0.13188758890706653
0 0.054908106405169146 0.31149994619805915 0.10888703156742693 0.15315978066627087
0 0.03995109657447863 0.2301338127191028 0.07657989033313542 0.09891569168029993
0 0.08482212606655018 0.3481944769826866 0.11128015314033742 0.10742456838398166
0 0.1123702578502097 0.40212061813544037 0.11093749999999965 0.11203703703703667
0 0.0368494245168766 0.4414724699872921 0.07343749999999978 0.10185185185185149
0 0.09700567451687642 0.4965650625798846 0.1937499999999994 0.1898148148148143
0 0.28294317451687584 0.3914724699872923 0.19999999999999937 0.18333333333333282
0 0.31471400785020903 0.4521206181354402 0.20833333333333268 0.17499999999999946
0 0.39550887954376024 0.46318261045242215 0.11247671392679266 0.0989156916802999
0 0.375466486370635 0.5509304014591399 0.20760329644998432 0.1978313833605999
0 0.3835432716792078 0.6439962404056587 0.1914497258328386 0.17549558201343532
0 0.23187919199600607 0.6376145828778973 0.11427155510647555 0.14996895190239015
0 0.20017033115494218 0.5679481548665032 0.11187843353356505 0.12337871220338488
0 0.07358482276121993 0.5734968843441384 0.11666467667938601 0.14677812313850958
0 0.1289257591347748 0.6888985246378218 0.11606639628615836 0.15209617107831064
0 0.05802953253730179 0.7160205691308071 0.03290542162751913 0.11699705467562362
0 0.1304214601178439 0.7723918772926984 0.116664676679386 0.12125149302746449
0 0.2387102112920432 0.7197432026886679 0.10469906881483364 0.12656954096726558
0 0.01644904520798216 0.6787942335521996 0.03230714123429151 0.11699705467562362
0 0.5970148468489032 0.9156703189015575 0.2093749999999994 0.15555555555555492
0 0.6509210968489029 0.9485406892719277 0.18802083333333275 0.08981481481481439