0 0.947179765873075 0.3324855012660744 0.02408101937160518 0.030957685598902284
0 0.936623702586892 0.31802166455183317 0.018802987728513586 0.021315127789408167
0 0.9338197482764995 0.34948685319334044 0.021771880527752613 0.024360146045037865
0 0.9242533159233961 0.3373067801708215 0.02111212657236615 0.026390158215457666
0 0.92260393103493 0.3659807020780015 0.019792618661593223 0.019792618661593295
0 0.9044606972618029 0.37638451445140314 0.03232794381393569 0.042630255578816285
0 0.905285389706036 0.3474568410229206 0.02935905101469666 0.030450182556297355
0 0.8962137728194723 0.3329930043086794 0.031008435903162875 0.036032716024951825
0 0.8828537552228969 0.3223354404139753 0.028039543103923734 0.03400270385453203
0 0.8887915408213748 0.3685182172910263 0.020782249594672977 0.027912667343272583
0 0.8693287991374747 0.34111305299035866 0.020782249594672977 0.024867649087642794
0 0.8790601699794249 0.35227811992766767 0.023091388438525543 0.028927673428482483
0 0.8886266023325282 0.3974458907195087 0.02309138843852543 0.026897661258062637
0 0.8775757235798053 0.38298205400526747 0.02210175750544579 0.028420170385877512
0 0.8665248448270825 0.372070738589261 0.02111212657236615 0.028927673428482483
0 0.8594324898066782 0.3578606533963222 0.01946274168390005 0.027912667343272583
0 0.855309027585513 0.3370530286495191 0.024410896349298356 0.028927673428482483
0 0.8661949678493893 0.2929002639428879 0.031668189858549224 0.03603271602495187
0 0.855309027585513 0.3114241249979688 0.028369420081616907 0.02537515213024781
0 0.8409593790558577 0.32791797388262983 0.022761511460832252 0.02080762474680315
0 0.8593825314678761 0.2694437201561647 0.03158920476241826 0.03578637182875354
0 0.8507672938053984 0.25618950836773746 0.03216355393991671 0.032251915351839584
0 0.8401418340216757 0.24492342834757433 0.0310148555849197 0.03357733653068233
0 0.8305214852985757 0.23012289185049728 0.030153331818671858 0.03225191535183954
0 0.8453109766191623 0.28954594136861267 0.022973967099940523 0.023857581219169
0 0.835834215190437 0.30302105668684703 0.016656126147456915 0.027833844755697196
0 0.8348291041298146 0.2756290189907641 0.01981504662369866 0.026066616517240217
0 0.8249215808179653 0.2899877484282269 0.018379173679952374 0.028275651815311387
0 0.824634406229216 0.26038667543407273 0.018953522857450934 0.0291592659345399
0 0.8151576448004905 0.24823698129468116 0.018953522857450934 0.032251915351839584
0 0.815301232094865 0.2778380542888353 0.01809199909120309 0.028717458874925664
0 0.8062552325492636 0.2897668448984198 0.017804824502453926 0.020764931801869318
0 0.805680883371765 0.2652465530898294 0.018953522857450934 0.027392037696082963
0 0.7962041219430396 0.2822561248849777 0.016656126147456915 0.028717458874925664
0 0.7870145351030633 0.2939640119647551 0.014933078614961346 0.02474119533839747
0 0.7891683445186827 0.26679287779847927 0.020963744978695673 0.027833844755697154
0 0.778255710146211 0.28291883547439906 0.015794602381209076 0.02562480945762594
0 0.8020912010123993 0.21951952241975548 0.02957898264117341 0.032251915351839584
0 0.7929016141724231 0.20803253886978523 0.028430284286176402 0.032251915351839563
0 0.7857222494536917 0.19212748472367255 0.03072768099617042 0.03136830123261111
0 0.7745224404924707 0.18041959764389517 0.02900463346367485 0.03092649417299686
0 0.8065424071380127 0.18152411529293078 0.022399617922441963 0.021648545921097807
0 0.7877063177511912 0.23839639424201514 0.020457938237458735 0.024107554060507866
0 0.7771508921712257 0.25630964621753144 0.01632282306180218 0.023103072641320024
0 0.7768244357099896 0.22684485792135511 0.01915211239251448 0.02712099831807135
0 0.7683365677178525 0.21161022306367308 0.01828156182921839 0.027455825457800617
0 0.7600663373665393 0.20005868674301303 0.019152112392514596 0.026451344038612795
0 0.7509255564519302 0.18783749614289447 0.022199039364050918 0.02946478829617628
0 0.7497410594538058 0.25467078474475835 0.04795815632112579 0.0410880565441244
0 0.7373925521375877 0.23699850236018874 0.04508641043363332 0.04020444242489593
0 0.723751759171998 0.2215352552736903 0.0453735850223826 0.039320828305667466
0 0.7134134739770247 0.20364206935931353 0.04824533090987507 0.0424134777229671
0 0.7016393158383053 0.1890624363920436 0.04709663255487805 0.038879021246053205
0 0.6691885873096393 0.19811948111413555 0.029866157229922693 0.03932082830566744
0 0.6651681430671497 0.18155171637860149 0.04422488666738548 0.03799540712682472
0 0.7326541714232249 0.2780865589043131 0.04767098173237662 0.03401914359029656
0 0.7139878231545234 0.26372782946685025 0.024122665454937534 0.03976263536528166
0 0.701352141249556 0.2453928364928593 0.024122665454937534 0.03843721418643895
0 0.6888600466389633 0.23081320352558937 0.024409840043686813 0.03843721418643895
0 0.6776602376777423 0.21468724584966958 0.022686792511191243 0.034460950649910796
0 0.643055699733457 0.2023166481804708 0.020676570389946504 0.03357733653068229
0 0.7234357023342499 0.3025635926720781 0.049976362120522935 0.030196431034994826
0 0.7242603947784829 0.31905744155673915 0.035131898124328015 0.03577896450364934
0 0.7038080221615032 0.3194380688386929 0.02061731110582639 0.01979261866159325
0 0.7390223895302546 0.3388500602183324 0.03232794381393569 0.03577896450364934
0 0.7617014317466635 0.30091420778361205 0.03645140603510094 0.028927673428482438
0 0.7716802103218835 0.317915559710878 0.029688927992389837 0.030957685598902284
0 0.7972995587091429 0.3197158021162266 0.03852186242585322 0.0428578738853473
0 0.8098137230565247 0.33662457267255497 0.04091587647491747 0.04252304674561799
0 0.8230896191467904 0.3526962753795602 0.03961005062997333 0.043192701025076566
0 0.8338626823675799 0.36977245950575327 0.040698238834093445 0.04118373818670088
0 0.8589998298827551 0.39488449498544886 0.01958738767416253 0.023103072641319982
0 0.8470225119479251 0.4271188004133709 0.043106748262174845 0.048731735288567876
0 0.834162312183063 0.4081805615278434 0.04187167014984936 0.05479898355845229
0 0.857750651249381 0.43762044099275654 0.027661827338814532 0.036726978342366975
0 0.8313203436208562 0.45598393016394007 0.03770344959194574 0.034395106701581774
0 0.8130370125373247 0.4357257952846185 0.024630394205793778 0.0376014302076614
0 0.8177830642386088 0.4791242275029116 0.0385218624258531 0.032478232553739696
0 0.8150366726846371 0.3974210438326863 0.029816356792891952 0.03984442962778377
0 0.8013255013127233 0.38101451398595176 0.026334154539707468 0.03649615823049098
0 0.7900083439898737 0.3639383298597587 0.02589887925805954 0.03649615823049102
0 0.7777118172833162 0.3482014542924827 0.02611651689888356 0.03649615823049102
0 0.7933058473491106 0.4292221609205075 0.03924999999999966 0.0469230769230764
0 0.7799308473491108 0.40460677630512315 0.03849999999999966 0.035384615384615035
0 0.7675558473491108 0.38441446861281564 0.03574999999999966 0.03499999999999965
0 0.751180847349111 0.3676836993820466 0.034499999999999656 0.02999999999999974
0 0.7956808473491105 0.46345293015127637 0.025499999999999773 0.03153846153846119
0 0.6508423802189209 0.22782478882631887 0.03799999999999966 0.021923076923076705
0 0.6617173802189207 0.24397863498016487 0.041249999999999544 0.01730769230769213
0 0.6718423802189205 0.26147863498016466 0.04499999999999955 0.02076923076923055
0 0.6884673802189204 0.28205555805708754 0.042749999999999545 0.03269230769230734
0 0.6177304867692569 0.21590662196472155 0.022634314645699077 0.015067221287817373
0 0.5542891144690525 0.18242390799179406 0.0642031040430885 0.0425230467456179
0 0.5681091046613783 0.20351801779473838 0.06485601696556056 0.04118373818670081
0 0.5809497254699961 0.22042678835106677 0.06050326414907988 0.03950960248805446
0 0.595313809764382 0.24369727456225138 0.06180908999402413 0.04051408390724226
0 0.6079367929321756 0.2621127672473615 0.06398546640226448 0.04185339246615937
0 0.6193627690754372 0.272492408578969 0.04983901974870253 0.01975480124402723
0 0.6479768501699201 0.2853026318439869 0.050749999999999545 0.02692307692307666
0 0.66285185016992 0.3049180164593713 0.05249999999999943 0.023076923076922815
0 0.6757268501699197 0.3279949395362941 0.05524999999999943 0.03384615384615345
0 0.6926018501699196 0.35376417030552465 0.049999999999999434 0.04846153846153794
0 0.6944378397810745 0.3896118366432316 0.05409982434168796 0.054302825558730033
0 0.7152200893757474 0.40610568552789256 0.05871810202939309 0.0588703529421746
0 0.7280852915057829 0.42767456483860317 0.05475957829707454 0.05937785598477953
0 0.7462285252789099 0.4492434441493137 0.05409982434168808 0.06496038945343405
0 0.7600833583420252 0.47106607498132663 0.05212056247552869 0.06699040162385385
0 0.7711342370947482 0.4987249908032966 0.05113093154244905 0.07155792900729842
0 0.7467521062131114 0.5355721882616897 0.029291808052424016 0.040204442424895716
0 0.6465819985616453 0.3789619362344101 0.0706449488323168 0.06980551541904977
0 0.628633586764817 0.35422074089601274 0.06978342506606908 0.06980551541904977
0 0.6118338733229856 0.33588574792202186 0.06949625047731979 0.06936370835943552
0 0.5964700328249005 0.310260938464396 0.07208082177606309 0.06494563776329314
0 0.5573873185375521 0.3083041304771179 0.03049999999999966 0.03153846153846115
0 0.5548873185375521 0.28311182278481056 0.057999999999999205 0.026538461538461233
0 0.5420123185375523 0.2633041304771184 0.06024999999999932 0.02538461538461508
0 0.5242623185375523 0.2429195150925033 0.06424999999999921 0.026923076923076616
0 0.5081373185375526 0.23176566893865733 0.06299999999999926 0.049999999999999434
0 0.6511694788258303 0.41973450256589 0.05797615866902208 0.044305561174918816
0 0.6667055736325617 0.4433447029288401 0.057218300385766835 0.042556657444329876
0 0.684136314147431 0.46724638724688844 0.05418686725274608 0.04838633654629287
0 0.6947463301130038 0.5045563334994516 0.0701018912011051 0.07520286041532272
0 0.7106613540613627 0.5261261461767147 0.06479688321831872 0.07520286041532272
0 0.7138822517651973 0.5724720950373205 0.05911294609390484 0.07461989250512636
0 0.6559546285432296 0.6491797291952349 0.06894428833788288 0.09693308113754606
0 0.6631919717370579 0.5865322366911427 0.0496213821078785 0.08303713065286011
0 0.6507866262100881 0.5433395356660663 0.04483335400974977 0.04888476240047409
0 0.6416147474991858 0.5026491757130923 0.06366009579343597 0.07053911713375231
0 0.6232366841302474 0.4711689085624921 0.06100759180204284 0.06121163057061144
0 0.6054270144737505 0.4440609007383642 0.06100759180204284 0.0571308551992374
0 0.5861016282507432 0.416661408959138 0.06555474150157398 0.05829679101962999
0 0.567041699438323 0.3953427200453841 0.0761647574671465 0.053633047738059644
0 0.5524529274856607 0.36706877640086355 0.07351225347575348 0.050718208187078104
0 0.5338853995459085 0.3437500599930115 0.07048082034273273 0.04488852908511511
0 0.5166441236018529 0.3172250200790799 0.06858617463459467 0.04197368953413362
0 0.49788713109128696 0.29303185180593344 0.06820724549296717 0.035561042521974284
0 0.4834878237094383 0.27204500703886664 0.06744938720971191 0.04372259326472247
0 0.4610641510231214 0.22897205848120114 0.03661634452394736 0.02689766125806255
0 0.44803401040423924 0.2490184286640968 0.037605975457027055 0.025375152130247637
0 0.6161466168761842 0.6111002354321914 0.08525905686620888 0.09677267309258582
0 0.5970106952239906 0.6556972805622083 0.07957511974179488 0.06937318131335972
0 0.5737065530138935 0.693881678680066 0.07692261575040174 0.07112208504394857
0 0.6011789157818942 0.5734988052245301 0.07578582832551899 0.0833644111580709
0 0.5824219232713282 0.5411440862086353 0.08298548201644337 0.08744518652944504
0 0.5411186468339204 0.6265488850523934 0.07085974948436023 0.08219847533767839
0 0.5208459377568441 0.6731863178680974 0.07427011175900856 0.05654788728904114
0 0.5117516383577818 0.7052495529288939 0.05305007982786327 0.05538195146864845
0 0.5216037960400993 0.5912793264855172 0.07199653690924311 0.08977705817023032
0 0.4850371338730363 0.633544499974749 0.038271843304387064 0.06587537385218192
0 0.5616061064516934 0.5154831729212249 0.08906678397716929 0.08424550507242219
0 0.5421433647677936 0.49137677839748967 0.09434481562026081 0.09185805071149651
0 0.4985996037122885 0.5408583250514726 0.04222425314473213 0.05785534685696461
0 0.4791368620283885 0.5756222834699118 0.04090474523395926 0.05836284989956959
0 0.5207013612177341 0.4606728443198899 0.0936850616648744 0.08932053549847174
0 0.4755082152737631 0.5106618940164778 0.040904745233959205 0.06039286206998939
0 0.45538571963447666 0.5441570948284047 0.03958523732318639 0.05836284989956968
0 0.5160827005507553 0.4179215231684492 0.04453339198858458 0.0340027038545319
0 0.4731986934506368 0.4501479663738638 0.0577284710963134 0.0700354198794835
0 0.44581890430209953 0.49227071891007496 0.04255413012242531 0.05075030426049536
0 0.4296549323951318 0.5247509136367919 0.04321388407781171 0.05278031643091516
0 0.4813484732961307 0.403638078993469 0.09698383144180656 0.07663295943334787
0 0.4646896859226231 0.3808004420762461 0.09929297028565906 0.07561795334813802
0 0.43368125001946045 0.45134336499833455 0.03463708265778809 0.04719778296226064
0 0.4180120935790326 0.4861073234167739 0.03430720568009479 0.051765310345705216
0 0.41504320077979356 0.42546070982548195 0.037605975457027 0.05836284989956959
0 0.3985493518951326 0.4602246682439213 0.03496695963548132 0.06090036511259436
0 0.4460516366829562 0.3483202473495291 0.09830333935257943 0.07764796551855782
0 0.39722984398435973 0.39323426662006744 0.03694622150164059 0.06699040162385385
0 0.38040611812200553 0.4295207341663216 0.03166818985854911 0.06039286206998948
0 0.4226303712667376 0.32827387716663337 0.09302530770948789 0.07206543204990334
0 0.37793204078930637 0.370142878181542 0.031338312880855826 0.05328781947352004
0 0.4137977491968479 0.2939127434507804 0.09562913805350201 0.06892190129982129
0 0.3896750837419105 0.26276534574797655 0.0898856462785169 0.05434226833255138
0 0.3325273405808087 0.26718341634411896 0.04336336290113752 0.039320828305667244
0 0.3395631180051655 0.3157821929016852 0.0746653930748064 0.06936370835943548
0 0.32190188079708626 0.3570911529756165 0.08241910697103629 0.053016847153708684