0 0.9087794302357883 0.46170616039522466 0.18164062499999978 0.08203124999999989
0 0.9058497427357883 0.3923702228952247 0.18749999999999978 0.06835937499999989
0 0.9048731802357883 0.33084678539522483 0.18945312499999978 0.058593749999999944
0 0.9048731802357883 0.27127647289522483 0.19335937499999967 0.06835937499999994
0 0.9029200552357883 0.21072959789522488 0.19335937499999978 0.06445312499999992
0 0.8863184927357883 0.16092491039522494 0.19921874999999978 0.03906249999999997
0 0.6828922060330322 0.45833727588556855 0.21905893049940595 0.07473775275862082
0 0.6796707511727469 0.3881095599313472 0.21261602077883524 0.0657176791498218
0 0.6790264602006898 0.32561333564181083 0.21390460272294942 0.06442909720570761
0 0.6783821692286327 0.2624728203802173 0.2151931846670635 0.07216058887039253
0 0.6796707511727469 0.19933230511862385 0.21261602077883524 0.06700626109393593
0 0.6693620956198336 0.15680910096285677 0.20230736522592196 0.03608029443519631
0 0.4399945095675145 0.4512500751929407 0.21777034855529182 0.07602633470273501
0 0.4393502185954574 0.3810223592387194 0.22163609438763437 0.06700626109393598
0 0.4399945095675145 0.3204590078653542 0.21777034855529182 0.05927476942925103
0 0.4412830915116286 0.26118423843610317 0.21519318466706355 0.06700626109393593
0 0.4419273824836857 0.19868801414656678 0.21132743883472105 0.0631405152615935
0 0.4438602553998569 0.14456757249377233 0.19715303744946533 0.04767753193222367
0 0.19516394018582542 0.44802862033265534 0.21261602077883518 0.06700626109393593
0 0.19774110407405374 0.38231094118283354 0.21777034855529182 0.06700626109393593
0 0.20160684990639616 0.31659326203301175 0.2203475124435201 0.07216058887039256
0 0.2035397228225674 0.2528084557993612 0.219058930499406 0.07087200692627837
0 0.20547259573873863 0.18709077664953938 0.21261602077883518 0.06829484303805011
0 0.21384837837548062 0.1432789905496582 0.20875027494649273 0.05025469582045197
0 0.045044143696526616 0.16647346554371295 0.0876235721997624 0.06056335137336519
0 0.03924552494801293 0.20770808775536584 0.0734491708145067 0.06829484303805011
0 0.03795694300389877 0.2631171113522744 0.0734491708145067 0.06829484303805008
0 0.03795694300389877 0.32303617175358246 0.0734491708145067 0.06958342498216424
0 0.0373126520318417 0.38488810507106186 0.07216058887039256 0.06442909720570761
0 0.029581160367156783 0.44480716547237 0.054120441652794414 0.07344917081450669