0 0.8168115017470681 0.23001739653658101 0.28515624999999967 0.2695312499999997
0 0.8216943142470681 0.4165408340365808 0.28320312499999967 0.24414062499999978
0 0.8265771267470681 0.6147830215365806 0.30078124999999967 0.21874999999999978
0 0.8480615017470681 0.8159548965365804 0.26953124999999967 0.21874999999999978
0 0.5765771267470684 0.29349395903658093 0.21093749999999972 0.24023437499999975
0 0.5804833767470684 0.4546267715365807 0.21484374999999972 0.19921874999999972
0 0.3929833767470686 0.3579470840365809 0.16015624999999983 0.21289062499999978
0 0.4007958767470686 0.4975955215365807 0.16015624999999978 0.17968749999999978
0 0.26017087674706874 0.4028689590365808 0.13671874999999983 0.18945312499999978
0 0.26212400174706874 0.5415408340365807 0.14453124999999983 0.17382812499999983
0 0.1478661892470689 0.4390017715365808 0.11523437499999988 0.16406249999999983
0 0.1468896267470689 0.5669314590365806 0.11718749999999988 0.1621093749999999
0 0.1468896267470689 0.6909548965365805 0.11718749999999988 0.14062499999999978