0 0.9531655691580619 0.59811123351275 0.07794208256315423 0.030452674897119156
0 0.8812308803102498 0.5886462129366183 0.07516943930991948 0.03703703703703685
0 0.8947860251038416 0.5684816038831206 0.0351201478743067 0.01399176954732501
0 0.9157348852393931 0.5487285174633675 0.05483672211953145 0.026337448559670688
0 0.8766098082215252 0.5394692582041082 0.06407886629698048 0.024279835390946407
0 0.8493454828980501 0.5647779001794169 0.06561922365988868 0.026337448559670688
0 0.8219079206400527 0.5786774885362761 0.02073164000290104 0.024706835366323558
0 0.7893877010276587 0.5695821150772449 0.04430879922188685 0.027693375905109972
0 0.7970096274993136 0.59374594307288 0.029064946278577083 0.021720294827537144
0 0.8063591906378769 0.5406669725880859 0.02947144902373195 0.02090578377150452
0 0.7730259655351731 0.5390379504760207 0.038414509417140294 0.02090578377150452
0 0.7557410685992706 0.5921266659721787 0.048006331124462426 0.025794090764329404
0 0.7494426281389289 0.5697434566271328 0.037546851158797315 0.024719336982482285
0 0.7781391500960098 0.5557716574631211 0.07992115460944016 0.02042032185509408
0 0.7375080933063112 0.53427658182618 0.03191482348497773 0.02042032185509408
0 0.7063978452033076 0.5401877276263388 0.06356145517596419 0.029376603370486257
0 0.6774331314522353 0.5675939490634387 0.06892529105579237 0.03689987984341563
0 0.6759580765852825 0.5960749242823857 0.06812071567381803 0.0157630554670902
0 0.6751592907832081 0.5422308228104828 0.07377794747647591 0.013098785142682416
0 0.6522787880848075 0.5322507960351058 0.04436015829281775 0.021831308571137267
0 0.5986049378951733 0.5656483672182008 0.08918726562029686 0.03617759706074171
0 0.603391165500451 0.5990190817483677 0.0828834536523701 0.03368259036689737
0 0.5432714772878164 0.6022937780340384 0.043893209258156554 0.03337071453016691
0 0.5366174535438938 0.5695468151773324 0.03572160115158484 0.027133197795556306
0 0.5102348330855336 0.5720418218711767 0.02544872238903761 0.02900445281593944
0 0.4976691337087085 0.6305552134995421 0.02235765098352072 0.03312344961199407
0 0.5083398307690253 0.6025903339090882 0.02621942706249252 0.034209464353370966
0 0.5582465310147853 0.5418421622805225 0.09268938338025577 0.021519432734406617
0 0.48540248160763205 0.5393471555866783 0.03478770308226223 0.02401443942825086
0 0.6896040315211288 0.4863470708031217 0.037804755299407716 0.01737623586202966
0 0.6530187844571859 0.48376778579235163 0.03699174980909798 0.018190746918062283
0 0.6052547119014826 0.48091699709623736 0.03048770588661912 0.017919243232718107
0 0.5781206536623915 0.47901647129882785 0.025406421572182647 0.017376235862029566
0 0.5452955569911315 0.4725003828505668 0.04308929098642169 0.017919243232718107
0 0.4785347920778507 0.47194896306936235 0.02132124762231698 0.01021016092754704
0 0.4939558202323566 0.47284459122090167 0.009789000480686398 0.009493658406315596
0 0.4618398529018855 0.471232460548131 0.012873206111587595 0.010568412188162716
0 0.14394837141562758 0.5121400900973736 0.059536001919307684 0.04241511379535204
0 0.09675908598024978 0.4959263883420852 0.036095881765155824 0.016072322662509686
0 0.10242118508066639 0.4856448289918034 0.044589030415780724 0.007799803645041443
0 0.16611979996035312 0.491081055774711 0.01734017849502583 0.01489053423144278
0 0.05162623513414554 0.47814892562128136 0.058744278166822185 0.0385263028527806
0 0.015264942473657705 0.45274047435334325 0.030256842067851192 0.031671929952592666