0 0.3091606002890538 0.5071078779146025 0.033333225102704034 0.017376235862029847
0 0.3095671030342087 0.522855091664567 0.033333225102704034 0.015204206379276058
0 0.33598978146927894 0.5225835879792229 0.020325137257746314 0.015747213749964507
0 0.38558311637818005 0.4840300646603441 0.045528307457351876 0.03420946435337125
0 0.38659937324106736 0.5109089295094216 0.04674781569281662 0.03692450120681348
0 0.44696503089657397 0.48891713099654005 0.07804852706974597 0.035295479094748144
0 0.44168049520956004 0.5160674995309616 0.066666450205408 0.03420946435337134
0 0.5197037390025958 0.5131975807481608 0.0817984971673806 0.03833288488587862
0 0.5116579851828534 0.5237659929363235 0.07428912693562105 0.0329591159766433
0 0.5788400295777021 0.5320057719304845 0.015018740463519094 0.018629065552015794
0 0.6114253325476586 0.5273485055424804 0.01689608302145898 0.020062070594478593
0 0.6029772910369292 0.5493809580703454 0.029501097339055312 0.015404804206474526
0 0.9372100105004397 0.5726906412888789 0.036188550186246254 0.027133197795556493
0 0.9652269525801143 0.6076207350026988 0.0231139772157316 0.03025195616286175
0 0.9877572435025194 0.6037222870435671 0.023814400767723367 0.027445073632286952
0 0.9742157214973433 0.6389642565941175 0.051364393812736636 0.036801348734203
0 0.9500118339267711 0.669817427023159 0.025215247871707185 0.041167610448430474
0 0.9882954862193641 0.5752143890513619 0.02235765098352093 0.019819769030127814
0 0.9716288736680123 0.5742641261526572 0.011788579609492837 0.02172029482753733
0 0.9282672263834281 0.5024120718642163 0.02233518176216868 0.010493827160493827
0 0.9432857106717829 0.5027207138395249 0.0073937153419593345 0.008641975308641974
0 0.9076264377204584 0.5014861459382903 0.012476894639556377 0.00905349794238683
0 0.8972290255208281 0.5022063105473439 0.012939001848428836 0.010082304526748971