1770165330184 0.06768750000000001 0
1770165386284 0.03468096875 1
1770165484050 0.001667837500000005 2
1770165590143 0.0009703 3
1770165742055 0.0009603999999999999 4
1770165868002 0.0009505000000000001 5
1770166018120 0.0009406 6
1770166221868 0.0009307 7
1770166411404 0.0009208 8
1770166630495 0.0009109000000000001 9
1770166800970 0.000901 10
1770166987881 0.0008911 11
1770167176626 0.0008812 12
1770167385427 0.0008713 13
1770167644552 0.0008614 14
1770167825898 0.0008515 15
1770168030795 0.0008416000000000001 16
1770168404346 0.0008317 17
1770168737198 0.0008218000000000001 18
1770169223744 0.0008119000000000001 19
1770169659407 0.0008020000000000001 20
1770170038401 0.0007921 21
1770170162357 0.0007822 22
1770170469694 0.0007723 23
1770170727748 0.0007624 24
1770170977392 0.0007524999999999999 25
1770171270378 0.0007426 26
1770171449598 0.0007327000000000001 27
1770171622007 0.0007228 28
1770172010635 0.0007129 29
1770172168087 0.000703 30
1770172570840 0.0006931 31
1770172980464 0.0006831999999999999 32
1770173604566 0.0006732999999999999 33
1770173880508 0.0006633999999999999 34
