1770118648517 1.67778 0
1770118678999 1.53366 1
1770118708412 1.62809 2
1770118739636 1.52595 3
1770118779717 1.49645 4
1770118834625 1.47648 5
1770118884210 1.50947 6
1770118926410 1.52726 7
1770118969093 1.52868 8
1770119011187 1.37913 9
1770119057213 1.49814 10
1770119097017 1.41831 11
1770119143670 1.49966 12
1770119184588 1.35818 13
1770119228542 1.33474 14
1770119279552 1.40284 15
1770119330235 1.38962 16
1770119376697 1.29954 17
1770119428516 1.30958 18
1770119484537 1.31971 19
1770119545666 1.26833 20
1770119611761 1.30226 21
1770119673920 1.26192 22
1770119737154 1.23832 23
1770119789988 1.20879 24
1770119841786 1.17091 25
1770119916088 1.23302 26
1770119987651 1.28984 27
1770120044839 1.24974 28
1770120116658 1.2333 29
1770120204512 1.28426 30
1770120272455 1.23843 31
1770120338162 1.20626 32
1770120417893 1.16163 33
1770120490485 1.19717 34
1770120584938 1.19949 35
1770120689830 1.21467 36
1770120788399 1.19028 37
1770120883665 1.18659 38
