1770118648517 3.18436 0
1770118678999 1.66519 1
1770118708412 1.70004 2
1770118739636 1.51795 3
1770118779717 1.47678 4
1770118834625 1.40183 5
1770118884210 1.46163 6
1770118926410 1.41666 7
1770118969093 1.41426 8
1770119011187 1.34545 9
1770119057213 1.31196 10
1770119097017 1.19583 11
1770119143670 1.36902 12
1770119184588 1.22238 13
1770119228542 1.17652 14
1770119279552 1.15325 15
1770119330235 1.18804 16
1770119376697 1.15276 17
1770119428516 1.09402 18
1770119484537 1.10848 19
1770119545666 1.06209 20
1770119611761 1.05042 21
1770119673920 1.04367 22
1770119737154 1.02869 23
1770119789988 0.99891 24
1770119841786 0.94073 25
1770119916088 1.0039 26
1770119987651 1.01952 27
1770120044839 0.99944 28
1770120116658 1.01591 29
1770120204512 0.99912 30
1770120272455 0.97434 31
1770120338162 0.91641 32
1770120417893 0.91834 33
1770120490485 0.93658 34
1770120584938 0.88749 35
1770120689830 0.8515 36
1770120788399 0.87722 37
1770120883665 0.89862 38
