1770118648517 1.38717 0
1770118678999 1.255 1
1770118708412 1.26184 2
1770118739636 1.24164 3
1770118779717 1.24396 4
1770118834625 1.23447 5
1770118884210 1.24127 6
1770118926410 1.22322 7
1770118969093 1.27982 8
1770119011187 1.24703 9
1770119057213 1.20089 10
1770119097017 1.166 11
1770119143670 1.23243 12
1770119184588 1.1843 13
1770119228542 1.17407 14
1770119279552 1.17428 15
1770119330235 1.1803 16
1770119376697 1.16924 17
1770119428516 1.14148 18
1770119484537 1.14262 19
1770119545666 1.11938 20
1770119611761 1.12784 21
1770119673920 1.11185 22
1770119737154 1.11432 23
1770119789988 1.11102 24
1770119841786 1.09021 25
1770119916088 1.10594 26
1770119987651 1.12171 27
1770120044839 1.10766 28
1770120116658 1.093 29
1770120204512 1.11066 30
1770120272455 1.08895 31
1770120338162 1.086 32
1770120417893 1.07532 33
1770120490485 1.09637 34
1770120584938 1.07363 35
1770120689830 1.03782 36
1770120788399 1.06647 37
1770120883665 1.05734 38
