1770165342235 0.07435 0
1770165426885 0.04685 1
1770165523307 0.16369 2
1770165632358 0.11026 3
1770165772435 0.06197 4
1770165913566 0.09355 5
1770166065610 0.14767 6
1770166265199 0.08204 7
1770166468863 0.12351 8
1770166667594 0.23922 9
1770166840004 0.20261 10
1770167021382 0.18132 11
1770167208527 0.23059 12
1770167425910 0.21442 13
1770167685557 0.2692 14
1770167855357 0.29167 15
1770168072494 0.15869 16
1770168447792 0.15854 17
1770168796634 0.19749 18
1770169264587 0.24979 19
1770169718127 0.19395 20
1770170058568 0.27293 21
1770170190214 0.26206 22
1770170508424 0.21885 23
1770170746122 0.33046 24
1770170997025 0.28776 25
1770171287849 0.30151 26
1770171499264 0.27327 27
1770171652013 0.26915 28
1770172039059 0.32838 29
1770172191803 0.27661 30
1770172590129 0.28136 31
1770173019341 0.29814 32
1770173658491 0.26377 33
1770173911840 0.32699 34
1770174117623 0.33042772152454664 34
