1770165342235 0.23058 0
1770165426885 0.19062 1
1770165523307 0.36929 2
1770165632358 0.29892 3
1770165772435 0.18077 4
1770165913566 0.24862 5
1770166065610 0.45599 6
1770166265199 0.21068 7
1770166468863 0.31399 8
1770166667594 0.58377 9
1770166840004 0.54107 10
1770167021382 0.54887 11
1770167208527 0.60905 12
1770167425910 0.54993 13
1770167685557 0.60746 14
1770167855357 0.6397 15
1770168072494 0.33856 16
1770168447792 0.3413 17
1770168796634 0.47089 18
1770169264587 0.58488 19
1770169718127 0.48129 20
1770170058568 0.71822 21
1770170190214 0.68821 22
1770170508424 0.64341 23
1770170746122 0.7385 24
1770170997025 0.70027 25
1770171287849 0.69088 26
1770171499264 0.67848 27
1770171652013 0.63322 28
1770172039059 0.73635 29
1770172191803 0.73887 30
1770172590129 0.74103 31
1770173019341 0.64435 32
1770173658491 0.6933 33
1770173911840 0.75774 34
1770174117623 0.7383582235503893 34
