1770165342235 0.23399 0
1770165426885 0.32259 1
1770165523307 0.58302 2
1770165632358 0.42236 3
1770165772435 0.39793 4
1770165913566 0.44467 5
1770166065610 0.54167 6
1770166265199 0.54732 7
1770166468863 0.61306 8
1770166667594 0.66279 9
1770166840004 0.641 10
1770167021382 0.6764 11
1770167208527 0.58255 12
1770167425910 0.58905 13
1770167685557 0.67085 14
1770167855357 0.63617 15
1770168072494 0.66832 16
1770168447792 0.6504 17
1770168796634 0.58174 18
1770169264587 0.70851 19
1770169718127 0.64222 20
1770170058568 0.69977 21
1770170190214 0.67471 22
1770170508424 0.69586 23
1770170746122 0.71481 24
1770170997025 0.71219 25
1770171287849 0.63973 26
1770171499264 0.71303 27
1770171652013 0.73901 28
1770172039059 0.73315 29
1770172191803 0.67191 30
1770172590129 0.70603 31
1770173019341 0.73249 32
1770173658491 0.75611 33
1770173911840 0.72457 34
1770174117623 0.7142529536079574 34
