1770165342235 0.34984 0
1770165426885 0.27796 1
1770165523307 0.3467 2
1770165632358 0.36466 3
1770165772435 0.19256 4
1770165913566 0.29356 5
1770166065610 0.47937 6
1770166265199 0.21122 7
1770166468863 0.30607 8
1770166667594 0.51291 9
1770166840004 0.53376 10
1770167021382 0.54209 11
1770167208527 0.62841 12
1770167425910 0.53106 13
1770167685557 0.54085 14
1770167855357 0.60133 15
1770168072494 0.35098 16
1770168447792 0.34889 17
1770168796634 0.47899 18
1770169264587 0.55755 19
1770169718127 0.44006 20
1770170058568 0.70601 21
1770170190214 0.70286 22
1770170508424 0.62918 23
1770170746122 0.69831 24
1770170997025 0.69393 25
1770171287849 0.67814 26
1770171499264 0.6745 27
1770171652013 0.60292 28
1770172039059 0.68236 29
1770172191803 0.76496 30
1770172590129 0.72428 31
1770173019341 0.64237 32
1770173658491 0.70129 33
1770173911840 0.74403 34
1770174117623 0.6992088635434269 34
