1770165330184 2.29385 0
1770165386284 2.0109 1
1770165484050 1.93179 2
1770165590143 1.90975 3
1770165742055 1.9125 4
1770165868002 1.81279 5
1770166018120 1.81979 6
1770166221868 1.81449 7
1770166411404 1.78617 8
1770166630495 1.76094 9
1770166800970 1.76952 10
1770166987881 1.75429 11
1770167176626 1.75447 12
1770167385427 1.72523 13
1770167644552 1.6931 14
1770167825898 1.6771 15
1770168030795 1.65674 16
1770168404346 1.67583 17
1770168737198 1.68514 18
1770169223744 1.67534 19
1770169659407 1.6841 20
1770170038401 1.67582 21
1770170162357 1.65096 22
1770170469694 1.6581 23
1770170727748 1.66525 24
1770170977392 1.66863 25
1770171270378 1.6634 26
1770171449598 1.64134 27
1770171622007 1.6009 28
1770172010635 1.6279 29
1770172168087 1.58784 30
1770172570840 1.60983 31
1770172980464 1.61479 32
1770173604566 1.60373 33
1770173880508 1.62724 34
