1770165330184 3.20566 0
1770165386284 2.08685 1
1770165484050 1.8762 2
1770165590143 1.71999 3
1770165742055 1.72557 4
1770165868002 1.58984 5
1770166018120 1.55816 6
1770166221868 1.52613 7
1770166411404 1.48032 8
1770166630495 1.48278 9
1770166800970 1.45083 10
1770166987881 1.40124 11
1770167176626 1.38867 12
1770167385427 1.34837 13
1770167644552 1.36194 14
1770167825898 1.34266 15
1770168030795 1.3062 16
1770168404346 1.31022 17
1770168737198 1.28863 18
1770169223744 1.30804 19
1770169659407 1.29551 20
1770170038401 1.28361 21
1770170162357 1.25619 22
1770170469694 1.24469 23
1770170727748 1.25316 24
1770170977392 1.2359 25
1770171270378 1.23256 26
1770171449598 1.22167 27
1770171622007 1.20603 28
1770172010635 1.20941 29
1770172168087 1.18804 30
1770172570840 1.19637 31
1770172980464 1.18256 32
1770173604566 1.16978 33
1770173880508 1.17353 34
