1770165330184 1.64444 0
1770165386284 1.45305 1
1770165484050 1.38655 2
1770165590143 1.37685 3
1770165742055 1.3968 4
1770165868002 1.3392 5
1770166018120 1.33611 6
1770166221868 1.33649 7
1770166411404 1.32216 8
1770166630495 1.31228 9
1770166800970 1.29388 10
1770166987881 1.27711 11
1770167176626 1.29323 12
1770167385427 1.27771 13
1770167644552 1.26106 14
1770167825898 1.25826 15
1770168030795 1.24667 16
1770168404346 1.26801 17
1770168737198 1.25794 18
1770169223744 1.24961 19
1770169659407 1.25395 20
1770170038401 1.24779 21
1770170162357 1.25355 22
1770170469694 1.22514 23
1770170727748 1.24485 24
1770170977392 1.22769 25
1770171270378 1.22428 26
1770171449598 1.20872 27
1770171622007 1.21954 28
1770172010635 1.21026 29
1770172168087 1.21447 30
1770172570840 1.20156 31
1770172980464 1.19394 32
1770173604566 1.18927 33
1770173880508 1.1952 34
