1770118654318 0.04491 0
1770118682714 0.1067 1
1770118712999 0.08783 2
1770118744631 0.116 3
1770118785229 0.08659 4
1770118839969 0.1271 5
1770118890550 0.06665 6
1770118932614 0.15132 7
1770118975188 0.20852 8
1770119017336 0.14856 9
1770119063016 0.19288 10
1770119103268 0.20825 11
1770119149581 0.00985 12
1770119190684 0.22044 13
1770119234963 0.22621 14
1770119285965 0.23355 15
1770119336596 0.26041 16
1770119383045 0.21636 17
1770119434769 0.22662 18
1770119490436 0.27266 19
1770119551539 0.21438 20
1770119618604 0.23449 21
1770119680541 0.24001 22
1770119744049 0.28025 23
1770119795685 0.26098 24
1770119848416 0.23624 25
1770119923621 0.25037 26
1770119994334 0.24486 27
1770120051403 0.25223 28
1770120123794 0.19923 29
1770120212415 0.29222 30
1770120279758 0.2534 31
1770120344157 0.22781 32
1770120425233 0.28366 33
1770120496494 0.24882 34
1770120592084 0.19867 35
1770120698940 0.26735 36
1770120797339 0.27564 37
1770120890172 0.25787 38
1770120907874 0.2828462803141305 38
