1770118654318 0.02297 0
1770118682714 0.05793 1
1770118712999 0.0397 2
1770118744631 0.03827 3
1770118785229 0.04034 4
1770118839969 0.04125 5
1770118890550 0.03135 6
1770118932614 0.07924 7
1770118975188 0.09866 8
1770119017336 0.07933 9
1770119063016 0.10167 10
1770119103268 0.10324 11
1770119149581 0.00606 12
1770119190684 0.11633 13
1770119234963 0.12919 14
1770119285965 0.14438 15
1770119336596 0.12721 16
1770119383045 0.12328 17
1770119434769 0.12009 18
1770119490436 0.15738 19
1770119551539 0.09883 20
1770119618604 0.10698 21
1770119680541 0.13125 22
1770119744049 0.18548 23
1770119795685 0.1661 24
1770119848416 0.13481 25
1770119923621 0.15793 26
1770119994334 0.14323 27
1770120051403 0.16571 28
1770120123794 0.11362 29
1770120212415 0.1667 30
1770120279758 0.1406 31
1770120344157 0.12817 32
1770120425233 0.16095 33
1770120496494 0.1482 34
1770120592084 0.11071 35
1770120698940 0.15071 36
1770120797339 0.14914 37
1770120890172 0.16249 38
1770120907874 0.1862641095061814 38
