1770118654318 0.00923 0
1770118682714 0.02004 1
1770118712999 0.23719 2
1770118744631 0.57015 3
1770118785229 0.1292 4
1770118839969 0.25836 5
1770118890550 0.12971 6
1770118932614 0.23487 7
1770118975188 0.37695 8
1770119017336 0.30394 9
1770119063016 0.70574 10
1770119103268 0.70972 11
1770119149581 0.00572 12
1770119190684 0.70011 13
1770119234963 0.57593 14
1770119285965 0.64728 15
1770119336596 0.5762 16
1770119383045 0.42479 17
1770119434769 0.24493 18
1770119490436 0.79986 19
1770119551539 0.48465 20
1770119618604 0.57832 21
1770119680541 0.64049 22
1770119744049 0.68813 23
1770119795685 0.61051 24
1770119848416 0.8217 25
1770119923621 0.63373 26
1770119994334 0.69998 27
1770120051403 0.54866 28
1770120123794 0.72506 29
1770120212415 0.64657 30
1770120279758 0.4296 31
1770120344157 0.59872 32
1770120425233 0.76913 33
1770120496494 0.57459 34
1770120592084 0.81979 35
1770120698940 0.79642 36
1770120797339 0.5742 37
1770120890172 0.65491 38
1770120907874 0.6911351758225786 38
