1770118654318 0.45556 0
1770118682714 0.56809 1
1770118712999 0.09026 2
1770118744631 0.06522 3
1770118785229 0.11065 4
1770118839969 0.2825 5
1770118890550 0.10358 6
1770118932614 0.14578 7
1770118975188 0.24033 8
1770119017336 0.22911 9
1770119063016 0.18542 10
1770119103268 0.18873 11
1770119149581 0.02813 12
1770119190684 0.22954 13
1770119234963 0.23092 14
1770119285965 0.23167 15
1770119336596 0.20482 16
1770119383045 0.21174 17
1770119434769 0.26801 18
1770119490436 0.23295 19
1770119551539 0.19562 20
1770119618604 0.25597 21
1770119680541 0.25469 22
1770119744049 0.28451 23
1770119795685 0.22016 24
1770119848416 0.17775 25
1770119923621 0.26876 26
1770119994334 0.20791 27
1770120051403 0.24829 28
1770120123794 0.13811 29
1770120212415 0.23657 30
1770120279758 0.27387 31
1770120344157 0.20663 32
1770120425233 0.26149 33
1770120496494 0.23291 34
1770120592084 0.15985 35
1770120698940 0.21633 36
1770120797339 0.26278 37
1770120890172 0.2143 38
1770120907874 0.2910200286424654 38
